Time, Background Direction, Background Speed, SVH: From30, SVH: Current, Pupil Size

0,Clockwise,10,30,30,0
0,Clockwise,10,30,30,3.261154
0,Clockwise,10,30,30,3.394493
0,Clockwise,10,30,30,3.396408
0,Clockwise,10,30,30,3.391975
0,Clockwise,10,30,30,3.393227
0,Clockwise,10,30,30,3.38932
0,Clockwise,10,30,30,3.382362
0,Clockwise,10,30,30,3.38765
0,Clockwise,10,30,30,3.386398
0,Clockwise,10,30,30,3.386459
0,Clockwise,10,30,30,3.38018
0,Clockwise,10,30,30,3.340126
0,Clockwise,10,30,30,3.353233
0,Clockwise,10,30,30,3.386459
0,Clockwise,10,30,30,3.383781
0,Clockwise,10,30,30,3.372017
0,Clockwise,10,30,30,3.308807
0,Clockwise,10,30,30,3.345047
0,Clockwise,10,30,30,3.281624
0,Clockwise,10,30,30,3.326149
0,Clockwise,10,30,30,3.314568
0,Clockwise,10,30,30,3.324242
0,Clockwise,10,30,30,3.297699
0,Clockwise,10,30,30,3.332817
0,Clockwise,10,30,30,3.309692
0,Clockwise,10,30,30,3.300049
0,Clockwise,10,30,30,3.255257
0,Clockwise,10,30,30,3.289307
0,Clockwise,10,30,30,3.294838
0,Clockwise,10,30,30,3.31192
0,Clockwise,10,30,30,3.304855
0,Clockwise,10,30,30,3.269142
0,Clockwise,10,30,30,3.279594
0,Clockwise,10,30,30,3.30761
0,Clockwise,10,30,30,3.24678
0,Clockwise,10,30,30,3.346268
0,Clockwise,10,30,30,3.154747
0,Clockwise,10,30,30,3.163231
0,Clockwise,10,30,30,3.331741
0,Clockwise,10,30,30,3.329384
0,Clockwise,10,30,30,3.30603
0,Clockwise,10,30,30,3.323471
0,Clockwise,10,30,30,3.276009
0,Clockwise,10,30,30,3.100784
0,Clockwise,10,30,30,3.315811
0,Clockwise,10,30,30,3.347687
0,Clockwise,10,30,30,3.252357
0,Clockwise,10,30,30,3.330063
0,Clockwise,10,30,30,3.314049
0,Clockwise,10,30,30,3.263306
0,Clockwise,10,30,30,3.310455
0,Clockwise,10,30,30,3.361519
0,Clockwise,10,30,30,3.340881
0,Clockwise,10,30,30,3.130615
0,Clockwise,10,30,30,3.199898
0,Clockwise,10,30,30,3.307358
0,Clockwise,10,30,30,3.323067
0,Clockwise,10,30,30,3.336372
0,Clockwise,10,30,30,3.334312
0,Clockwise,10,30,30,3.30838
0,Clockwise,10,30,30,3.319153
0,Clockwise,10,30,30,3.31292
0,Clockwise,10,30,30,3.312706
0,Clockwise,10,30,30,3.315376
0,Clockwise,10,30,30,3.248665
0,Clockwise,10,30,30,3.187469
0,Clockwise,10,30,30,3.128769
0,Clockwise,10,30,30,3.242859
0,Clockwise,10,30,30,3.150009
0,Clockwise,10,30,30,3.228981
0,Clockwise,10,30,30,3.155678
0,Clockwise,10,30,30,3.217316
0,Clockwise,10,30,30,3.191849
0,Clockwise,10,30,30,3.216568
0,Clockwise,10,30,30,3.221085
0,Clockwise,10,30,30,3.244423
0,Clockwise,10,30,30,3.194016
0,Clockwise,10,30,30,3.109016
0,Clockwise,10,30,30,3.011009
0,Clockwise,10,30,30,3.147842
0,Clockwise,10,30,30,3.06897
0,Clockwise,10,30,30,3.22393
0,Clockwise,10,30,30,3.154701
0,Clockwise,10,30,30,3.119644
0,Clockwise,10,30,30,3.140388
0,Clockwise,10,30,30,3.125244
0,Clockwise,10,30,30,3.074753
0,Clockwise,10,30,30,3.086586
0,Clockwise,10,30,30,3.171799
0,Clockwise,10,30,30,3.204018
0,Clockwise,10,30,30,3.186424
0,Clockwise,10,30,30,3.165726
0,Clockwise,10,30,30,3.121529
0,Clockwise,10,30,30,3.103989
0,Clockwise,10,30,30,3.079697
0,Clockwise,10,30,30,3.114998
0,Clockwise,10,30,30,3.046875
0,Clockwise,10,30,30,3.05983
0,Clockwise,10,30,30,3.080498
0,Clockwise,10,30,30,3.046394
0,Clockwise,10,30,30,2.970482
0,Clockwise,10,30,30,2.664177
0,Clockwise,10,30,30,2.821503
0,Clockwise,10,30,30,2.127678
0,Clockwise,10,30,30,0
0,Clockwise,10,30,30,0
0,Clockwise,10,30,30,0
0,Clockwise,10,30,30,0
0,Clockwise,10,30,30,0
0,Clockwise,10,30,30,0
0,Clockwise,10,30,30,0
0,Clockwise,10,30,30,0
0,Clockwise,10,30,30,0
0,Clockwise,10,30,30,0
0,Clockwise,10,30,30,0
0,Clockwise,10,30,30,0
0,Clockwise,10,30,30,0
0,Clockwise,10,30,30,1.471031
0,Clockwise,10,30,30,1.342552
0,Clockwise,10,30,30,2.810188
0,Clockwise,10,30,30,2.99791
0,Clockwise,10,30,30,2.929642
0,Clockwise,10,30,30,2.767937
0,Clockwise,10,30,30,2.714851
0,Clockwise,10,30,30,2.993347
0,Clockwise,10,30,30,2.889343
0,Clockwise,10,30,30,3.114685
0,Clockwise,10,30,30,3.107506
0,Clockwise,10,30,30,3.039299
0,Clockwise,10,30,30,3.136696
0,Clockwise,10,30,30,3.027962
0,Clockwise,10,30,30,3.0933
0,Clockwise,10,30,30,3.095581
0,Clockwise,10,30,30,3.129196
0,Clockwise,10,30,30,3.143639
0,Clockwise,10,30,30,3.120995
0,Clockwise,10,30,30,3.134422
0,Clockwise,10,30,30,3.065727
0,Clockwise,10,30,30,3.107315
0,Clockwise,10,30,30,3.043243
0,Clockwise,10,30,30,3.083092
0,Clockwise,10,30,30,3.133514
0,Clockwise,10,30,30,3.079201
0,Clockwise,10,30,30,3.168396
0,Clockwise,10,30,30,3.21006
0,Clockwise,10,30,30,3.117989
0,Clockwise,10,30,30,3.084473
0,Clockwise,10,30,30,3.098503
0,Clockwise,10,30,30,3.158775
0,Clockwise,10,30,30,3.195488
0,Clockwise,10,30,30,3.184624
0,Clockwise,10,30,30,3.158234
0,Clockwise,10,30,30,3.115295
0,Clockwise,10,30,30,3.120766
0,Clockwise,10,30,30,3.173424
0,Clockwise,10,30,30,3.218384
0,Clockwise,10,30,30,3.156792
0,Clockwise,10,30,30,3.105247
0,Clockwise,10,30,30,3.183266
0,Clockwise,10,30,30,3.190994
0,Clockwise,10,30,30,3.239655
0,Clockwise,10,30,30,3.163559
0,Clockwise,10,30,30,3.151024
0,Clockwise,10,30,30,3.140114
0,Clockwise,10,30,30,3.174301
0,Clockwise,10,30,30,3.169304
0,Clockwise,10,30,30,3.15712
0,Clockwise,10,30,30,3.147789
0,Clockwise,10,30,30,2.975746
0,Clockwise,10,30,30,2.984169
0,Clockwise,10,30,30,3.136925
0,Clockwise,10,30,30,3.126884
0,Clockwise,10,30,30,3.187538
0,Clockwise,10,30,30,3.185623
0,Clockwise,10,30,30,3.134109
0,Clockwise,10,30,30,3.17263
0,Clockwise,10,30,30,3.138885
0,Clockwise,10,30,30,3.147812
0,Clockwise,10,30,30,3.121658
0,Clockwise,10,30,30,3.092422
0,Clockwise,10,30,30,3.034233
0,Clockwise,10,30,30,3.158241
0,Clockwise,10,30,30,3.122078
0,Clockwise,10,30,30,3.122025
0,Clockwise,10,30,30,3.140877
0,Clockwise,10,30,30,3.147141
0,Clockwise,10,30,30,3.108047
0,Clockwise,10,30,30,3.142693
0,Clockwise,10,30,30,3.14991
0,Clockwise,10,30,30,3.186157
0,Clockwise,10,30,30,3.155388
0,Clockwise,10,30,30,3.102493
0,Clockwise,10,30,30,3.10804
0,Clockwise,10,30,30,3.126862
0,Clockwise,10,30,30,3.167984
0,Clockwise,10,30,30,3.100571
0,Clockwise,10,30,30,3.121399
0,Clockwise,10,30,30.11447,3.080811
0,Clockwise,10,30,30.18242,3.090919
0,Clockwise,10,30,30.22729,3.081985
0,Clockwise,10,30,30.27066,3.081985
0,Clockwise,10,30,30.31189,3.081154
0,Clockwise,10,30,30.36207,3.079353
0,Clockwise,10,30,30.41633,3.075989
0,Clockwise,10,30,30.47119,3.067368
0,Clockwise,10,30,30.52763,3.066788
0,Clockwise,10,30,30.5827,3.072983
0,Clockwise,10,30,30.63737,3.070229
0,Clockwise,10,30,30.69376,3.071289
0,Clockwise,10,30,30.75727,3.070694
0,Clockwise,10,30,30.8043,3.068031
0,Clockwise,10,30,30.85972,3.064873
0,Clockwise,10,30,30.9173,3.066467
0,Clockwise,10,30,30.97363,3.070747
0,Clockwise,10,30,31.02626,3.075317
0,Clockwise,10,30,31.08389,3.075424
0,Clockwise,10,30,31.13906,3.077316
0,Clockwise,10,30,31.19437,3.102623
0,Clockwise,10,30,31.25087,3.102684
0,Clockwise,10,30,31.30406,3.103127
0,Clockwise,10,30,31.36021,3.104042
0,Clockwise,10,30,31.41679,3.10585
0,Clockwise,10,30,31.47082,3.116615
0,Clockwise,10,30,31.52666,3.122009
0,Clockwise,10,30,31.58268,3.120354
0,Clockwise,10,30,31.63734,3.137573
0,Clockwise,10,30,31.69316,3.160019
0,Clockwise,10,30,31.75126,3.166878
0,Clockwise,10,30,31.80957,3.122581
0,Clockwise,10,30,31.86032,3.161263
0,Clockwise,10,30,31.91602,3.191139
0,Clockwise,10,30,31.96992,3.188629
0,Clockwise,10,30,32.02699,3.218613
0,Clockwise,10,30,32.08247,3.236824
0,Clockwise,10,30,32.1354,3.22757
0,Clockwise,10,30,32.19474,3.176765
0,Clockwise,10,30,32.24945,3.177315
0,Clockwise,10,30,32.30191,3.176895
0,Clockwise,10,30,32.36054,3.183662
0,Clockwise,10,30,32.4145,3.185188
0,Clockwise,10,30,32.46967,3.185524
0,Clockwise,10,30,32.55482,3.213821
0,Clockwise,10,30,32.60167,3.228729
0,Clockwise,10,30,32.64596,3.233841
0,Clockwise,10,30,32.72121,3.230446
0,Clockwise,10,30,32.76403,3.234322
0,Clockwise,10,30,32.81563,3.239342
0,Clockwise,10,30,32.88661,3.236458
0,Clockwise,10,30,32.93063,3.236397
0,Clockwise,10,30,32.97459,3.237518
0,Clockwise,10,30,33.06388,3.235901
0,Clockwise,10,30,33.10868,3.235725
0,Clockwise,10,30,33.16075,3.226105
0,Clockwise,10,30,33.23513,3.222092
0,Clockwise,10,30,33.2761,3.221245
0,Clockwise,10,30,33.3208,3.223785
0,Clockwise,10,30,33.39734,3.15683
0,Clockwise,10,30,33.44033,3.2808
0,Clockwise,10,30,33.48406,3.206421
0,Clockwise,10,30,33.35361,3.146713
0,Clockwise,10,30,33.29685,3.117805
0,Clockwise,10,30,33.25172,3.147095
0,Clockwise,10,30,33.20714,3.137154
0,Clockwise,10,30,33.16496,3.146217
0,Clockwise,10,30,33.10061,3.131317
0,Clockwise,10,30,33.04971,3.121643
0,Clockwise,10,30,32.99776,3.114014
0,Clockwise,10,30,32.94131,3.102455
0,Clockwise,10,30,32.8828,3.112038
0,Clockwise,10,30,32.83087,3.110924
0,Clockwise,10,30,32.77542,3.124855
0,Clockwise,10,30,32.71862,3.151199
0,Clockwise,10,30,32.6655,3.154182
0,Clockwise,10,30,32.60674,3.133476
0,Clockwise,10,30,32.55014,3.132744
0,Clockwise,10,30,32.49752,3.134972
0,Clockwise,10,30,32.44412,3.135376
0,Clockwise,10,30,32.38171,3.140465
0,Clockwise,10,30,32.33095,3.143677
0,Clockwise,10,30,32.27343,3.152672
0,Clockwise,10,30,32.21672,3.145844
0,Clockwise,10,30,32.16475,3.154381
0,Clockwise,10,30,32.09882,3.154564
0,Clockwise,10,30,32.05442,3.157997
0,Clockwise,10,30,31.99687,3.160057
0,Clockwise,10,30,31.94164,3.162445
0,Clockwise,10,30,31.85244,3.1633
0,Clockwise,10,30,31.80312,3.164993
0,Clockwise,10,30,31.75572,3.165039
0,Clockwise,10,30,31.70944,3.167496
0,Clockwise,10,30,31.66545,3.156113
0,Clockwise,10,30,31.60947,3.176323
0,Clockwise,10,30,31.55265,3.167107
0,Clockwise,10,30,31.49963,3.153168
0,Clockwise,10,30,31.44308,3.159355
0,Clockwise,10,30,31.3859,3.158142
0,Clockwise,10,30,31.33053,3.160454
0,Clockwise,10,30,31.27438,3.156731
0,Clockwise,10,30,31.21948,3.16185
0,Clockwise,10,30,31.16729,3.154228
0,Clockwise,10,30,31.10977,3.164268
0,Clockwise,10,30,31.04622,3.164459
0,Clockwise,10,30,31.00043,3.164825
0,Clockwise,10,30,30.94514,3.16272
0,Clockwise,10,30,30.85281,3.182846
0,Clockwise,10,30,30.80437,3.180122
0,Clockwise,10,30,30.76248,3.182228
0,Clockwise,10,30,30.6903,3.186783
0,Clockwise,10,30,30.64751,3.192276
0,Clockwise,10,30,30.60078,3.191719
0,Clockwise,10,30,30.52627,3.187424
0,Clockwise,10,30,30.48611,3.183937
0,Clockwise,10,30,30.44353,3.173737
0,Clockwise,10,30,30.35855,3.167107
0,Clockwise,10,30,30.31329,3.156525
0,Clockwise,10,30,30.269,3.154358
0,Clockwise,10,30,30.19074,3.152122
0,Clockwise,10,30,30.15228,3.135574
0,Clockwise,10,30,30.11238,3.122215
0,Clockwise,10,30,30.02758,3.121155
0,Clockwise,10,30,29.97308,3.121025
0,Clockwise,10,30,29.9347,3.120613
0,Clockwise,10,30,29.85825,3.120766
0,Clockwise,10,30,29.8124,3.121773
0,Clockwise,10,30,29.76351,3.131691
0,Clockwise,10,30,29.68494,3.144386
0,Clockwise,10,30,29.6402,3.144279
0,Clockwise,10,30,29.59447,3.151146
0,Clockwise,10,30,29.51468,3.142418
0,Clockwise,10,30,29.47383,3.153725
0,Clockwise,10,30,29.43056,3.161217
0,Clockwise,10,30,29.35737,3.151367
0,Clockwise,10,30,29.31683,3.148552
0,Clockwise,10,30,29.27125,3.152496
0,Clockwise,10,30,29.18951,3.147545
0,Clockwise,10,30,29.1476,3.150932
0,Clockwise,10,30,29.10093,3.164284
0,Clockwise,10,30,29.02265,3.176353
0,Clockwise,10,30,28.97416,3.025681
0,Clockwise,10,30,28.92909,3.215393
0,Clockwise,10,30,28.85308,3.172356
0,Clockwise,10,30,28.81131,3.199471
0,Clockwise,10,30,28.76533,3.162094
0,Clockwise,10,30,28.67878,3.239014
0,Clockwise,10,30,28.63736,3.262337
0,Clockwise,10,30,28.59592,3.233109
0,Clockwise,10,30,28.51952,3.237656
0,Clockwise,10,30,28.47833,3.240509
0,Clockwise,10,30,28.43244,3.237396
0,Clockwise,10,30,28.34859,3.234695
0,Clockwise,10,30,28.30046,3.236641
0,Clockwise,10,30,28.25663,3.234497
0,Clockwise,10,30,28.17757,3.242378
0,Clockwise,10,30,28.13321,3.239105
0,Clockwise,10,30,28.0928,3.250908
0,Clockwise,10,30,28.01807,3.272804
0,Clockwise,10,30,27.96604,3.274651
0,Clockwise,10,30,27.89422,3.275124
0,Clockwise,10,30,27.84958,3.279694
0,Clockwise,10,30,27.80411,3.275108
0,Clockwise,10,30,27.76374,3.269806
0,Clockwise,10,30,27.69142,3.270103
0,Clockwise,10,30,27.65137,3.268295
0,Clockwise,10,30,27.60885,3.268204
0,Clockwise,10,30,27.52825,3.241394
0,Clockwise,10,30,27.49073,3.241554
0,Clockwise,10,30,27.44309,3.247238
0,Clockwise,10,30,27.36019,3.245613
0,Clockwise,10,30,27.3197,3.24511
0,Clockwise,10,30,27.27585,3.241791
0,Clockwise,10,30,27.18742,3.246025
0,Clockwise,10,30,27.14445,3.244179
0,Clockwise,10,30,27.09914,3.242638
0,Clockwise,10,30,27.02467,3.249725
0,Clockwise,10,30,26.97956,3.249451
0,Clockwise,10,30,26.90518,3.249878
0,Clockwise,10,30,26.86323,3.249359
0,Clockwise,10,30,26.82054,3.252174
0,Clockwise,10,30,26.77505,3.254051
0,Clockwise,10,30,26.68589,3.25827
0,Clockwise,10,30,26.64485,3.257988
0,Clockwise,10,30,26.56329,3.260452
0,Clockwise,10,30,26.51477,3.26017
0,Clockwise,10,30,26.46833,3.257027
0,Clockwise,10,30,26.39692,3.255089
0,Clockwise,10,30,26.35253,3.256134
0,Clockwise,10,30,26.31125,3.254753
0,Clockwise,10,30,26.24059,3.248978
0,Clockwise,10,30,26.19061,3.234489
0,Clockwise,10,30,26.14372,3.241364
0,Clockwise,10,30,26.07401,3.236038
0,Clockwise,10,30,26.03244,3.235542
0,Clockwise,10,30,25.99139,3.234909
0,Clockwise,10,30,25.94484,3.229874
0,Clockwise,10,30,25.94484,3.241119
0,Clockwise,10,30,25.94484,3.244087
0,Clockwise,10,30,25.94484,3.225853
0,Clockwise,10,30,25.94484,3.231087
0,Clockwise,10,30,25.94484,3.224426
0,Clockwise,10,30,25.94484,3.224915
0,Clockwise,10,30,25.94484,3.222374
0,Clockwise,10,30,25.94484,3.224869
0,Clockwise,10,30,25.94484,3.223198
0,Clockwise,10,30,25.94484,3.220535
0,Clockwise,10,30,25.94484,3.22113
0,Clockwise,10,30,25.94484,3.229721
0,Clockwise,10,30,25.94484,3.229057
0,Clockwise,10,30,25.94484,3.225166
0,Clockwise,10,30,25.94484,3.271942
0,Clockwise,10,30,25.94484,3.278
0,Clockwise,10,30,25.94484,3.296547
0,Clockwise,10,30,25.94484,3.319565
0,Clockwise,10,30,25.94484,3.283867
0,Clockwise,10,30,25.94484,3.293419
0,Clockwise,10,30,25.94484,3.222733
0,Clockwise,10,30,25.94484,3.279671
0,Clockwise,10,30,25.94484,3.331123
0,Clockwise,10,30,25.94484,3.272812
0,Clockwise,10,30,25.94484,3.304649
0,Clockwise,10,30,25.94484,3.286377
0,Clockwise,10,30,25.94484,3.30394
0,Clockwise,10,30,25.94484,3.3256
0,Clockwise,10,30,25.94484,3.255508
0,Clockwise,10,30,25.94484,3.253876
0,Clockwise,10,30,25.94484,3.306564
0,Clockwise,10,30,25.94484,3.225037
0,Clockwise,10,30,25.94484,3.265472
0,Clockwise,10,30,25.94484,3.226959
0,Clockwise,10,30,25.94484,3.233643
0,Clockwise,10,30,25.94484,3.256325
0,Clockwise,10,30,25.94484,3.263725
0,Clockwise,10,30,25.94484,3.258194
0,Clockwise,10,30,25.94484,3.256821
0,Clockwise,10,30,25.94484,3.280807
0,Clockwise,10,30,25.94484,3.271393
0,Clockwise,10,30,25.94484,3.311745
0,Clockwise,10,30,25.94484,3.177902
0,Clockwise,10,30,25.94484,3.189857
0,Clockwise,10,30,25.94484,3.234238
0,Clockwise,10,30,25.94484,3.224953
0,Clockwise,10,30,25.94484,3.257988
0,Clockwise,10,30,25.94484,3.214523
0,Clockwise,10,30,25.94484,3.360649
0,Clockwise,10,30,25.94484,3.36631
0,Clockwise,10,30,25.94484,3.292679
0,Clockwise,10,30,25.94484,3.219131
0,Clockwise,10,30,25.94484,3.363617
0,Clockwise,10,30,25.94484,3.336548
0,Clockwise,10,30,25.94484,3.474304
0,Clockwise,10,30,25.94484,3.485428
0,Clockwise,10,30,25.94484,3.435387
0,Clockwise,10,30,25.94484,3.31414
0,Clockwise,10,30,25.94484,3.302742
0,Clockwise,10,30,25.94484,3.277008
0,Clockwise,10,30,25.94484,3.383133
0,Clockwise,10,30,25.94484,3.309181
0,Clockwise,10,30,25.94484,3.347504
0,Clockwise,10,30,25.94484,3.366043
0,Clockwise,10,30,25.94484,3.333199
0,Clockwise,10,30,25.94484,3.312675
0,Clockwise,10,30,25.94484,3.190804
0,Clockwise,10,30,25.94484,3.302818
0,Clockwise,10,30,25.94484,3.266891
0,Clockwise,10,30,25.94484,3.251961
0,Clockwise,10,30,25.94484,3.27401
0,Clockwise,10,30,25.94484,3.126663
0,Clockwise,10,30,25.94484,3.257736
0,Clockwise,10,30,25.94484,3.342346
0,Clockwise,10,30,25.94484,3.265846
0,Clockwise,10,30,25.94484,3.284187
0,Clockwise,10,30,25.94484,3.23201
0,Clockwise,10,30,25.94484,3.17791
0,Clockwise,10,30,25.94484,3.140038
0,Clockwise,10,30,25.94484,3.188416
0,Clockwise,10,30,25.94484,3.21772
0,Clockwise,10,30,25.94484,3.205986
0,Clockwise,10,30,25.94484,3.202637
0,Clockwise,10,30,25.94484,3.197273
0,Clockwise,10,30,25.94484,3.13842
0,Clockwise,10,30,25.94484,3.156494
0,Clockwise,10,30,25.94484,3.146515
0,Clockwise,10,30,25.94484,3.137054
0,Clockwise,10,30,25.94484,3.091286
0,Clockwise,10,30,25.94484,3.150299
0,Clockwise,10,30,25.94484,3.185173
0,Clockwise,10,30,25.94484,2.896492
0,Clockwise,10,30,25.94484,1.069786
0,Clockwise,10,30,25.94484,0
0,Clockwise,10,30,25.94484,0
0,Clockwise,10,30,25.94484,0
0,Clockwise,10,30,25.94484,0
0,Clockwise,10,30,25.94484,0
0,Clockwise,10,30,25.94484,0
0,Clockwise,10,30,25.94484,0
0,Clockwise,10,30,25.94484,1.481575
0,Clockwise,10,30,25.94484,1.366768
0,Clockwise,10,30,25.94484,1.482704
0,Clockwise,10,30,25.94484,2.910477
0,Clockwise,10,30,25.94484,2.795563
0,Clockwise,10,30,25.94484,2.888191
0,Clockwise,10,30,25.94484,2.90097
0,Clockwise,10,30,25.94484,3.155502
0,Clockwise,10,30,25.94484,2.908958
0,Clockwise,10,30,25.94484,3.089066
0,Clockwise,10,30,25.94484,2.989296
0,Clockwise,10,30,25.94484,3.053185
0,Clockwise,10,30,25.94484,3.057571
0,Clockwise,10,30,25.94484,3.023804
0,Clockwise,10,30,25.94484,3.095253
0,Clockwise,10,30,25.94484,3.125381
0,Clockwise,10,30,25.94484,3.165779
0,Clockwise,10,30,25.94484,3.185722
0,Clockwise,10,30,25.94484,3.104416
0,Clockwise,10,30,25.94484,3.10717
0,Clockwise,10,30,25.94484,3.099602
0,Clockwise,10,30,25.94484,3.111557
0,Clockwise,10,30,25.94484,3.11264
0,Clockwise,10,30,25.94484,3.119598
0,Clockwise,10,30,25.94484,3.103645
0,Clockwise,10,30,25.94484,3.109344
0,Clockwise,10,30,25.94484,3.180283
0,Clockwise,10,30,25.94484,3.162811
0,Clockwise,10,30,25.94484,3.130562
0,Clockwise,10,30,25.94484,3.132545
0,Clockwise,10,30,25.94484,3.073853
0,Clockwise,10,30,25.86572,3.139374
0,Clockwise,10,30,25.80891,3.158623
0,Clockwise,10,30,25.76484,3.103592
0,Clockwise,10,30,25.72689,3.10849
0,Clockwise,10,30,25.66974,3.175232
0,Clockwise,10,30,25.61382,3.151138
0,Clockwise,10,30,25.56132,3.192909
0,Clockwise,10,30,25.5058,3.119698
0,Clockwise,10,30,25.44883,3.172333
0,Clockwise,10,30,25.39394,3.128235
0,Clockwise,10,30,25.33913,3.117561
0,Clockwise,10,30,25.28154,3.218613
0,Clockwise,10,30,25.22882,3.145126
0,Clockwise,10,30,25.17189,3.18425
0,Clockwise,10,30,25.11566,3.045364
0,Clockwise,10,30,25.05375,3.11554
0,Clockwise,10,30,25.00284,3.182518
0,Clockwise,10,30,24.9469,3.179375
0,Clockwise,10,30,24.89557,3.179955
0,Clockwise,10,30,24.83876,3.116051
0,Clockwise,10,30,24.78071,3.224266
0,Clockwise,10,30,24.72635,3.215523
0,Clockwise,10,30,24.67006,3.202301
0,Clockwise,10,30,24.61228,3.193275
0,Clockwise,10,30,24.55992,3.19091
0,Clockwise,10,30,24.50302,3.200844
0,Clockwise,10,30,24.4474,3.19223
0,Clockwise,10,30,24.39322,3.293236
0,Clockwise,10,30,24.33513,3.265633
0,Clockwise,10,30,24.27898,3.254272
0,Clockwise,10,30,24.22563,3.262611
0,Clockwise,10,30,24.16886,3.243332
0,Clockwise,10,30,24.11359,3.24337
0,Clockwise,10,30,24.05423,3.213745
0,Clockwise,10,30,24.00336,3.179527
0,Clockwise,10,30,23.94579,3.160881
0,Clockwise,10,30,23.88955,3.193344
0,Clockwise,10,30,23.8305,3.190697
0,Clockwise,10,30,23.77557,3.214737
0,Clockwise,10,30,23.71999,3.235756
0,Clockwise,10,30,23.66472,3.224365
0,Clockwise,10,30,23.60664,3.229744
0,Clockwise,10,30,23.55126,3.231941
0,Clockwise,10,30,23.49359,3.228645
0,Clockwise,10,30,23.41101,3.249947
0,Clockwise,10,30,23.37118,3.300003
0,Clockwise,10,30,23.32116,3.156265
0,Clockwise,10,30,23.23975,3.258095
0,Clockwise,10,30,23.20109,3.114914
0,Clockwise,10,30,23.15472,3.209938
0,Clockwise,10,30,23.07153,3.14827
0,Clockwise,10,30,23.02354,3.199242
0,Clockwise,10,30,22.98012,3.181084
0,Clockwise,10,30,22.90962,3.242798
0,Clockwise,10,30,22.86768,3.195114
0,Clockwise,10,30,22.82071,3.27845
0,Clockwise,10,30,22.7409,3.147476
0,Clockwise,10,30,22.6963,3.155876
0,Clockwise,10,30,22.6511,3.291374
0,Clockwise,10,30,22.5727,3.235794
0,Clockwise,10,30,22.53176,3.246109
0,Clockwise,10,30,22.48963,3.226463
0,Clockwise,10,30,22.40494,3.23262
0,Clockwise,10,30,22.36364,3.212677
0,Clockwise,10,30,22.3204,3.269218
0,Clockwise,10,30,22.24359,3.261055
0,Clockwise,10,30,22.20026,3.276192
0,Clockwise,10,30,22.1562,3.25396
0,Clockwise,10,30,22.07658,3.203133
0,Clockwise,10,30,22.03431,3.219673
0,Clockwise,10,30,21.98409,3.228874
0,Clockwise,10,30,21.90974,3.241264
0,Clockwise,10,30,21.86635,3.244682
0,Clockwise,10,30,21.8225,3.244087
0,Clockwise,10,30,21.74077,3.267975
0,Clockwise,10,30,21.69828,3.251106
0,Clockwise,10,30,21.65698,3.226303
0,Clockwise,10,30,21.57274,3.275803
0,Clockwise,10,30,21.52893,3.258537
0,Clockwise,10,30,21.49011,3.266617
0,Clockwise,10,30,21.40932,3.26696
0,Clockwise,10,30,21.37052,3.274063
0,Clockwise,10,30,21.32367,3.277168
0,Clockwise,10,30,21.24483,3.278152
0,Clockwise,10,30,21.206,3.278191
0,Clockwise,10,30,21.15709,3.280922
0,Clockwise,10,30,21.07852,3.357399
0,Clockwise,10,30,21.0386,3.343178
0,Clockwise,10,30,20.99186,3.317719
0,Clockwise,10,30,20.90384,3.323067
0,Clockwise,10,30,20.8608,3.319618
0,Clockwise,10,30,20.82154,3.31044
0,Clockwise,10,30,20.74738,3.323433
0,Clockwise,10,30,20.70955,3.327461
0,Clockwise,10,30,20.66482,3.328743
0,Clockwise,10,30,20.58481,3.324097
0,Clockwise,10,30,20.54833,3.317551
0,Clockwise,10,30,20.49848,3.315224
0,Clockwise,10,30,20.41781,3.309013
0,Clockwise,10,30,20.37963,3.319275
0,Clockwise,10,30,20.33035,3.313049
0,Clockwise,10,30,20.24756,3.313889
0,Clockwise,10,30,20.2076,3.316093
0,Clockwise,10,30,20.15668,3.312866
0,Clockwise,10,30,20.08024,3.306137
0,Clockwise,10,30,20.04055,3.305779
0,Clockwise,10,30,19.99357,3.30545
0,Clockwise,10,30,19.91452,3.309097
0,Clockwise,10,30,19.8628,3.308846
0,Clockwise,10,30,19.81883,3.308426
0,Clockwise,10,30,19.74343,3.283981
0,Clockwise,10,30,19.70329,3.278397
0,Clockwise,10,30,19.65904,3.286728
0,Clockwise,10,30,19.58163,3.292152
0,Clockwise,10,30,19.53941,3.312584
0,Clockwise,10,30,19.49809,3.293564
0,Clockwise,10,30,19.41605,3.298515
0,Clockwise,10,30,19.37068,3.321678
0,Clockwise,10,30,19.33116,3.368149
0,Clockwise,10,30,19.24078,3.344742
0,Clockwise,10,30,19.19949,3.356613
0,Clockwise,10,30,19.12731,3.346458
0,Clockwise,10,30,19.08205,3.366013
0,Clockwise,10,30,19.04119,3.296806
0,Clockwise,10,30,18.99531,3.290894
0,Clockwise,10,30,18.91521,3.337006
0,Clockwise,10,30,18.8709,3.324219
0,Clockwise,10,30,18.7956,3.324585
0,Clockwise,10,30,18.75034,3.31543
0,Clockwise,10,30,18.70559,3.324989
0,Clockwise,10,30,18.63333,3.315712
0,Clockwise,10,30,18.59033,3.326721
0,Clockwise,10,30,18.54456,3.3255
0,Clockwise,10,30,18.50289,3.326241
0,Clockwise,10,30,18.42391,3.332985
0,Clockwise,10,30,18.38249,3.330986
0,Clockwise,10,30,18.33755,3.328041
0,Clockwise,10,30,18.25687,3.327507
0,Clockwise,10,30,18.21239,3.32019
0,Clockwise,10,30,18.16994,3.319023
0,Clockwise,10,30,18.08823,3.317184
0,Clockwise,10,30,18.04116,3.315201
0,Clockwise,10,30,17.9686,3.311226
0,Clockwise,10,30,17.92704,3.322334
0,Clockwise,10,30,17.87905,3.317177
0,Clockwise,10,30,17.83349,3.317696
0,Clockwise,10,30,17.75027,3.319527
0,Clockwise,10,30,17.70442,3.317848
0,Clockwise,10,30,17.63167,3.321747
0,Clockwise,10,30,17.59017,3.316612
0,Clockwise,10,30,17.54882,3.317322
0,Clockwise,10,30,17.47045,3.407074
0,Clockwise,10,30,17.42337,3.385567
0,Clockwise,10,30,17.3786,3.397926
0,Clockwise,10,30,17.30978,3.2845
0,Clockwise,10,30,17.26534,3.357384
0,Clockwise,10,30,17.22233,3.362846
0,Clockwise,10,30,17.14438,3.366028
0,Clockwise,10,30,17.10277,3.377266
0,Clockwise,10,30,17.05498,3.383087
0,Clockwise,10,30,16.97712,3.381622
0,Clockwise,10,30,16.93117,3.383247
0,Clockwise,10,30,16.88748,3.38282
0,Clockwise,10,30,16.81015,3.376175
0,Clockwise,10,30,16.76298,3.37944
0,Clockwise,10,30,16.71635,3.382576
0,Clockwise,10,30,16.64226,3.381882
0,Clockwise,10,30,16.59972,3.383751
0,Clockwise,10,30,16.55857,3.39167
0,Clockwise,10,30,16.47676,3.392189
0,Clockwise,10,30,16.43472,3.363426
0,Clockwise,10,30,16.39509,3.363426
0,Clockwise,10,30,16.30746,3.383438
0,Clockwise,10,30,16.26259,3.375458
0,Clockwise,10,30,16.22244,3.386627
0,Clockwise,10,30,16.1403,3.381966
0,Clockwise,10,30,16.09907,3.36834
0,Clockwise,10,30,16.05596,3.36834
0,Clockwise,10,30,15.97693,3.376144
0,Clockwise,10,30,15.93183,3.370514
0,Clockwise,10,30,15.88605,3.370514
0,Clockwise,10,30,15.80841,3.366684
0,Clockwise,10,30,15.76165,3.369835
0,Clockwise,10,30,15.71641,3.369759
0,Clockwise,10,30,15.643,3.368561
0,Clockwise,10,30,15.60114,3.369301
0,Clockwise,10,30,15.56065,3.412247
0,Clockwise,10,30,15.47356,3.42836
0,Clockwise,10,30,15.42763,3.388992
0,Clockwise,10,30,15.38821,3.416931
0,Clockwise,10,30,15.30252,3.360558
0,Clockwise,10,30,15.25954,3.390747
0,Clockwise,10,30,15.13986,3.400948
0,Clockwise,10,30,15.0932,3.421646
0,Clockwise,10,30,15.05535,3.421646
0,Clockwise,10,30,14.98082,3.413872
0,Clockwise,10,30,14.93507,3.402817
0,Clockwise,10,30,14.89233,3.398605
0,Clockwise,10,30,14.80778,3.403503
0,Clockwise,10,30,14.7476,3.412712
0,Clockwise,10,30,14.65812,3.411491
0,Clockwise,10,30,14.58853,3.408981
0,Clockwise,10,30,14.53456,3.410622
0,Clockwise,10,30,14.45237,3.383583
0,Clockwise,10,30,14.41615,3.392151
0,Clockwise,10,30,14.37843,3.391685
0,Clockwise,10,30,14.30322,3.397659
0,Clockwise,10,30,14.25602,3.401184
0,Clockwise,10,30,14.21155,3.400337
0,Clockwise,10,30,14.14388,3.389832
0,Clockwise,10,30,14.09096,3.351883
0,Clockwise,10,30,14.04109,3.355049
0,Clockwise,10,30,13.95994,3.40168
0,Clockwise,10,30,13.91391,3.37545
0,Clockwise,10,30,13.84218,3.39209
0,Clockwise,10,30,13.79927,3.39608
0,Clockwise,10,30,13.75324,3.397575
0,Clockwise,10,30,13.71684,3.417061
0,Clockwise,10,30,13.64206,3.393074
0,Clockwise,10,30,13.58881,3.393692
0,Clockwise,10,30,13.50346,3.397057
0,Clockwise,10,30,13.45126,3.407539
0,Clockwise,10,30,13.39717,3.434547
0,Clockwise,10,30,13.31452,3.4189
0,Clockwise,10,30,13.27429,3.412483
0,Clockwise,10,30,13.22628,3.40477
0,Clockwise,10,30,13.14833,3.416405
0,Clockwise,10,30,13.10796,3.422554
0,Clockwise,10,30,13.05293,3.399536
0,Clockwise,10,30,12.97344,3.392746
0,Clockwise,10,30,12.93402,3.409447
0,Clockwise,10,30,12.89693,3.441597
0,Clockwise,10,30,12.81157,3.467201
0,Clockwise,10,30,12.76528,3.405022
0,Clockwise,10,30,12.6732,3.431274
0,Clockwise,10,30,12.63185,3.410156
0,Clockwise,10,30,12.58407,3.414871
0,Clockwise,10,30,12.50588,3.451851
0,Clockwise,10,30,12.46611,3.409058
0,Clockwise,10,30,12.42599,3.437531
0,Clockwise,10,30,12.38686,3.418259
0,Clockwise,10,30,12.30529,3.44677
0,Clockwise,10,30,12.25862,3.376015
0,Clockwise,10,30,12.18545,3.380478
0,Clockwise,10,30,12.14243,3.380478
0,Clockwise,10,30,12.0883,3.395302
0,Clockwise,10,30,12.01572,3.408813
0,Clockwise,10,30,11.97574,3.414177
0,Clockwise,10,30,11.93377,3.407242
0,Clockwise,10,30,11.89711,3.407242
0,Clockwise,10,30,11.80708,3.399506
0,Clockwise,10,30,11.75939,3.401482
0,Clockwise,10,30,11.68,3.405624
0,Clockwise,10,30,11.63837,3.405624
0,Clockwise,10,30,11.59403,3.399338
0,Clockwise,10,30,11.52585,3.398201
0,Clockwise,10,30,11.48313,3.391197
0,Clockwise,10,30,11.44472,3.373924
0,Clockwise,10,30,11.39818,3.368622
0,Clockwise,10,30,11.3183,3.352501
0,Clockwise,10,30,11.27349,3.332649
0,Clockwise,10,30,11.23381,3.353439
0,Clockwise,10,30,11.15105,3.276436
0,Clockwise,10,30,11.1068,3.285835
0,Clockwise,10,30,11.03437,3.331642
0,Clockwise,10,30,10.99403,3.35997
0,Clockwise,10,30,10.95242,3.369446
0,Clockwise,10,30,10.87296,3.325462
0,Clockwise,10,30,10.8292,3.347404
0,Clockwise,10,30,10.78965,3.372726
0,Clockwise,10,30,10.70683,3.342964
0,Clockwise,10,30,10.65574,3.321686
0,Clockwise,10,30,10.60945,3.29837
0,Clockwise,10,30,10.5358,3.296181
0,Clockwise,10,30,10.49311,3.29277
0,Clockwise,10,30,10.45327,3.284767
0,Clockwise,10,30,10.36881,3.281364
0,Clockwise,10,30,10.32342,3.276451
0,Clockwise,10,30,10.27464,3.266594
0,Clockwise,10,30,10.20581,3.26606
0,Clockwise,10,30,10.16227,3.268883
0,Clockwise,10,30,10.11778,3.264442
0,Clockwise,10,30,10.03779,3.27095
0,Clockwise,10,30,9.996351,3.266396
0,Clockwise,10,30,9.950462,3.232155
0,Clockwise,10,30,9.870609,3.269348
0,Clockwise,10,30,9.825404,3.28199
0,Clockwise,10,30,9.780683,3.273209
0,Clockwise,10,30,9.709373,3.255531
0,Clockwise,10,30,9.662506,3.25592
0,Clockwise,10,30,9.615432,3.255829
0,Clockwise,10,30,9.541022,3.255959
0,Clockwise,10,30,9.492838,3.266212
0,Clockwise,10,30,9.452806,3.27652
0,Clockwise,10,30,9.366297,3.292084
0,Clockwise,10,30,9.323973,3.288284
0,Clockwise,10,30,9.28323,3.285416
0,Clockwise,10,30,9.202029,3.286179
0,Clockwise,10,30,9.154539,3.28524
0,Clockwise,10,30,9.107404,3.280281
0,Clockwise,10,30,9.017809,3.300331
0,Clockwise,10,30,8.971936,3.300331
0,Clockwise,10,30,8.930447,3.239761
0,Clockwise,10,30,8.863752,3.272186
0,Clockwise,10,30,8.821949,3.218941
0,Clockwise,10,30,8.774117,3.324417
0,Clockwise,10,30,8.706369,3.312248
0,Clockwise,10,30,8.665104,3.318115
0,Clockwise,10,30,8.624554,3.307243
0,Clockwise,10,30,8.531637,3.2668
0,Clockwise,10,30,8.485166,3.277779
0,Clockwise,10,30,8.445539,3.279373
0,Clockwise,10,30,8.371902,3.292664
0,Clockwise,10,30,8.332983,3.262268
0,Clockwise,10,30,8.291723,3.270821
0,Clockwise,10,30,8.206901,3.30645
0,Clockwise,10,30,8.163292,3.285919
0,Clockwise,10,30,8.118669,3.280602
0,Clockwise,10,30,8.040267,3.27243
0,Clockwise,10,30,7.992544,3.305412
0,Clockwise,10,30,7.949527,3.304451
0,Clockwise,10,30,7.872919,3.303146
0,Clockwise,10,30,7.829337,3.309174
0,Clockwise,10,30,7.785697,3.314507
0,Clockwise,10,30,7.703743,3.321068
0,Clockwise,10,30,7.660759,3.319908
0,Clockwise,10,30,7.619154,3.320808
0,Clockwise,10,30,7.530777,3.312134
0,Clockwise,10,30,7.485192,3.306808
0,Clockwise,10,30,7.440364,3.301643
0,Clockwise,10,30,7.371803,3.324989
0,Clockwise,10,30,7.325363,3.311852
0,Clockwise,10,30,7.275818,3.29892
0,Clockwise,10,30,7.199773,3.299271
0,Clockwise,10,30,7.154398,3.300262
0,Clockwise,10,30,7.080516,3.30088
0,Clockwise,10,30,7.040311,3.30101
0,Clockwise,10,30,6.990513,3.292
0,Clockwise,10,30,6.949928,3.302689
0,Clockwise,10,30,6.869126,3.264763
0,Clockwise,10,30,6.82621,3.366219
0,Clockwise,10,30,6.751794,3.323555
0,Clockwise,10,30,6.708955,3.330139
0,Clockwise,10,30,6.657927,3.335991
0,Clockwise,10,30,6.584023,3.327499
0,Clockwise,10,30,6.531352,3.315979
0,Clockwise,10,30,6.490021,3.307663
0,Clockwise,10,30,6.450952,3.315811
0,Clockwise,10,30,6.364604,3.344757
0,Clockwise,10,30,6.323637,3.356506
0,Clockwise,10,30,6.286042,3.358429
0,Clockwise,10,30,6.205898,3.369728
0,Clockwise,10,30,6.158486,3.303154
0,Clockwise,10,30,6.087373,3.341408
0,Clockwise,10,30,6.046983,3.314499
0,Clockwise,10,30,6.008931,3.326012
0,Clockwise,10,30,5.921268,3.329826
0,Clockwise,10,30,5.8743,3.332108
0,Clockwise,10,30,5.825288,3.347542
0,Clockwise,10,30,5.748616,3.347336
0,Clockwise,10,30,5.701624,3.359833
0,Clockwise,10,30,5.658068,3.360695
0,Clockwise,10,30,5.590992,3.362648
0,Clockwise,10,30,5.548967,3.366173
0,Clockwise,10,30,5.505031,3.354935
0,Clockwise,10,30,5.424881,3.37059
0,Clockwise,10,30,5.382312,3.360535
0,Clockwise,10,30,5.335403,3.370636
0,Clockwise,10,30,5.257229,3.32338
0,Clockwise,10,30,5.21611,3.319641
0,Clockwise,10,30,5.177391,3.319641
0,Clockwise,10,30,5.09158,3.324844
0,Clockwise,10,30,5.052274,3.320992
0,Clockwise,10,30,5.006003,3.317467
0,Clockwise,10,30,4.924387,3.391853
0,Clockwise,10,30,4.883382,3.326233
0,Clockwise,10,30,4.844619,3.326233
0,Clockwise,10,30,4.757427,3.319221
0,Clockwise,10,30,4.711645,3.344704
0,Clockwise,10,30,4.660893,3.356552
0,Clockwise,10,30,4.580332,3.308334
0,Clockwise,10,30,4.534678,3.362541
0,Clockwise,10,30,4.486829,3.329155
0,Clockwise,10,30,4.422203,3.348228
0,Clockwise,10,30,4.38191,3.383537
0,Clockwise,10,30,4.333896,3.299324
0,Clockwise,10,30,4.223423,3.249374
0,Clockwise,10,30,4.184,3.249374
0,Clockwise,10,30,4.100064,3.318245
0,Clockwise,10,30,4.059475,3.366791
0,Clockwise,10,30,4.015974,3.339294
0,Clockwise,10,30,3.929615,3.351822
0,Clockwise,10,30,3.887289,3.395988
0,Clockwise,10,30,3.841752,3.424408
0,Clockwise,10,30,3.763361,3.411751
0,Clockwise,10,30,3.720248,3.420448
0,Clockwise,10,30,3.680901,3.420448
0,Clockwise,10,30,3.594549,3.470978
0,Clockwise,10,30,3.548283,3.434288
0,Clockwise,10,30,3.502581,3.431122
0,Clockwise,10,30,3.418918,3.448547
0,Clockwise,10,30,3.374624,3.461777
0,Clockwise,10,30,3.332443,3.445068
0,Clockwise,10,30,3.265133,3.423477
0,Clockwise,10,30,3.225862,3.423477
0,Clockwise,10,30,3.182163,3.42907
0,Clockwise,10,30,3.096976,3.436935
0,Clockwise,10,30,3.055908,3.406136
0,Clockwise,10,30,3.012416,3.406136
0,Clockwise,10,30,2.927183,3.33313
0,Clockwise,10,30,2.883322,3.388832
0,Clockwise,10,30,2.843991,3.474434
0,Clockwise,10,30,2.761443,3.470978
0,Clockwise,10,30,2.718422,3.475372
0,Clockwise,10,30,2.678732,3.475372
0,Clockwise,10,30,2.600641,3.501907
0,Clockwise,10,30,2.559932,3.422997
0,Clockwise,10,30,2.516391,3.427223
0,Clockwise,10,30,2.428865,3.420563
0,Clockwise,10,30,2.376201,3.404213
0,Clockwise,10,30,2.333104,3.402878
0,Clockwise,10,30,2.252953,3.434608
0,Clockwise,10,30,2.202697,3.43335
0,Clockwise,10,30,2.161231,3.433235
0,Clockwise,10,30,2.090163,3.384438
0,Clockwise,10,30,2.043802,3.505081
0,Clockwise,10,30,1.992995,3.441605
0,Clockwise,10,30,1.918078,3.42157
0,Clockwise,10,30,1.87327,3.407486
0,Clockwise,10,30,1.832119,3.409782
0,Clockwise,10,30,1.756866,3.403671
0,Clockwise,10,30,1.707051,3.397995
0,Clockwise,10,30,1.629529,3.396996
0,Clockwise,10,30,1.588383,3.405441
0,Clockwise,10,30,1.54526,3.41201
0,Clockwise,10,30,1.504474,3.41555
0,Clockwise,10,30,1.429327,3.414139
0,Clockwise,10,30,1.385445,3.415253
0,Clockwise,10,30,1.341122,3.414284
0,Clockwise,10,30,1.266013,3.419716
0,Clockwise,10,30,1.220026,3.42617
0,Clockwise,10,30,1.171105,3.419632
0,Clockwise,10,30,1.094804,3.43222
0,Clockwise,10,30,1.051317,3.431038
0,Clockwise,10,30,1.010639,3.430275
0,Clockwise,10,30,0.9295343,3.424675
0,Clockwise,10,30,0.8876079,3.413589
0,Clockwise,10,30,0.8481293,3.413589
0,Clockwise,10,30,0.7655983,3.422142
0,Clockwise,10,30,0.7195869,3.419296
0,Clockwise,10,30,0.6734464,3.422813
0,Clockwise,10,30,0.6008444,3.422905
0,Clockwise,10,30,0.5577609,3.423615
0,Clockwise,10,30,0.5173914,3.448227
0,Clockwise,10,30,0.4241144,3.439453
0,Clockwise,10,30,0.3816524,3.398315
0,Clockwise,10,30,0.3110814,3.415604
0,Clockwise,10,30,0.2684634,3.391541
0,Clockwise,10,30,0.2235964,3.370697
0,Clockwise,10,30,0.1839959,3.380211
0,Clockwise,10,30,0.09646586,3.395554
0,Clockwise,10,30,0.05232136,3.394455
0,Clockwise,10,30,-0.02084351,3.394897
0,Clockwise,10,30,-0.06558228,3.413467
0,Clockwise,10,30,-0.1028442,3.413467
0,Clockwise,10,30,-0.1494141,3.421906
0,Clockwise,10,30,-0.2323914,3.422829
0,Clockwise,10,30,-0.2739563,3.422829
0,Clockwise,10,30,-0.3443604,3.41436
0,Clockwise,10,30,-0.3853149,3.418533
0,Clockwise,10,30,-0.4266968,3.424957
0,Clockwise,10,30,-0.5118103,3.484238
0,Clockwise,10,30,-0.5558777,3.442848
0,Clockwise,10,30,-0.5974121,3.394882
0,Clockwise,10,30,-0.6819763,3.43364
0,Clockwise,10,30,-0.7337646,3.453545
0,Clockwise,10,30,-0.7756348,3.453545
0,Clockwise,10,30,-0.8551636,3.44381
0,Clockwise,10,30,-0.8980408,3.436714
0,Clockwise,10,30,-0.9430542,3.430618
0,Clockwise,10,30,-1.014526,3.431664
0,Clockwise,10,30,-1.056946,3.432037
0,Clockwise,10,30,-1.10553,3.434151
0,Clockwise,10,30,-1.183258,3.433441
0,Clockwise,10,30,-1.226959,3.436768
0,Clockwise,10,30,-1.274963,3.435242
0,Clockwise,10,30,-1.355072,3.43924
0,Clockwise,10,30,-1.40097,3.43924
0,Clockwise,10,30,-1.442444,3.447578
0,Clockwise,10,30,-1.512848,3.453331
0,Clockwise,10,30,-1.553162,3.454582
0,Clockwise,10,30,-1.597473,3.45739
0,Clockwise,10,30,-1.678528,3.445076
0,Clockwise,10,30,-1.721161,3.428444
0,Clockwise,10,30,-1.769104,3.420067
0,Clockwise,10,30,-1.84671,3.438858
0,Clockwise,10,30,-1.8927,3.436195
0,Clockwise,10,30,-1.934326,3.445671
0,Clockwise,10,30,-2.019501,3.450081
0,Clockwise,10,30,-2.057922,3.461769
0,Clockwise,10,30,-2.099487,3.499977
0,Clockwise,10,30,-2.1828,3.450439
0,Clockwise,10,30,-2.225739,3.422211
0,Clockwise,10,30,-2.267151,3.450249
0,Clockwise,10,30,-2.352112,3.389015
0,Clockwise,10,30,-2.397308,3.393127
0,Clockwise,10,30,-2.434448,3.383484
0,Clockwise,10,30,-2.519501,3.395134
0,Clockwise,10,30,-2.564209,3.393311
0,Clockwise,10,30,-2.605743,3.393311
0,Clockwise,10,30,-2.689301,3.387222
0,Clockwise,10,30,-2.737701,3.386101
0,Clockwise,10,30,-2.782898,3.387817
0,Clockwise,10,30,-2.850098,3.386658
0,Clockwise,10,30,-2.891296,3.388016
0,Clockwise,10,30,-2.933258,3.385765
0,Clockwise,10,30,-3.017731,3.391365
0,Clockwise,10,30,-3.060883,3.398499
0,Clockwise,10,30,-3.09906,3.391434
0,Clockwise,10,30,-3.18515,3.281563
0,Clockwise,10,30,-3.230042,3.512871
0,Clockwise,10,30,-3.267639,3.48877
0,Clockwise,10,30,-3.350983,3.413132
0,Clockwise,10,30,-3.393127,3.405281
0,Clockwise,10,30,-3.433472,3.429192
0,Clockwise,10,30,-3.517273,3.365623
0,Clockwise,10,30,-3.56369,3.406761
0,Clockwise,10,30,-3.606659,3.434959
0,Clockwise,10,30,-3.685211,3.352188
0,Clockwise,10,30,-3.729584,3.352188
0,Clockwise,10,30,-3.766876,3.338074
0,Clockwise,10,30,-3.863403,3.392357
0,Clockwise,10,30,-3.911377,3.421402
0,Clockwise,10,30,-3.985168,3.452087
0,Clockwise,10,30,-4.02533,3.338142
0,Clockwise,10,30,-4.067291,3.412018
0,Clockwise,10,30,-4.110962,3.398476
0,Clockwise,10,30,-4.179474,3.37429
0,Clockwise,10,30,-4.216919,3.439285
0,Clockwise,10,30,-4.259796,3.410172
0,Clockwise,10,30,-4.344025,3.380798
0,Clockwise,10,30,-4.388977,3.394012
0,Clockwise,10,30,-4.427673,3.407219
0,Clockwise,10,30,-4.507141,3.404381
0,Clockwise,10,30,-4.550446,3.40786
0,Clockwise,10,30,-4.591156,3.417229
0,Clockwise,10,30,-4.673187,3.433678
0,Clockwise,10,30,-4.716095,3.437469
0,Clockwise,10,30,-4.759888,3.436234
0,Clockwise,10,30,-4.842072,3.435707
0,Clockwise,10,30,-4.8909,3.44239
0,Clockwise,10,30,-4.928925,3.44384
0,Clockwise,10,30,-5.006989,3.450577
0,Clockwise,10,30,-5.049042,3.441483
0,Clockwise,10,30,-5.093384,3.439484
0,Clockwise,10,30,-5.175964,3.438736
0,Clockwise,10,30,-5.221069,3.416939
0,Clockwise,10,30,-5.26004,3.387741
0,Clockwise,10,30,-5.345642,3.394096
0,Clockwise,10,30,-5.388245,3.40461
0,Clockwise,10,30,-5.431122,3.391327
0,Clockwise,10,30,-5.506378,3.394257
0,Clockwise,10,30,-5.553131,3.399994
0,Clockwise,10,30,-5.592804,3.385559
0,Clockwise,10,30,-5.674744,3.385345
0,Clockwise,10,30,-5.71814,3.383926
0,Clockwise,10,30,-5.75824,3.378288
0,Clockwise,10,30,-5.841217,3.417946
0,Clockwise,10,30,-5.884613,3.430649
0,Clockwise,10,30,-5.957855,3.416374
0,Clockwise,10,30,-6.007324,3.420189
0,Clockwise,10,30,-6.053925,3.415329
0,Clockwise,10,30,-6.12027,3.378716
0,Clockwise,10,30,-6.161865,3.371201
0,Clockwise,10,30,-6.203979,3.306122
0,Clockwise,10,30,-6.289703,3.319435
0,Clockwise,10,30,-6.334961,3.264595
0,Clockwise,10,30,-6.379303,3.233147
0,Clockwise,10,30,-6.462524,3.412491
0,Clockwise,10,30,-6.508301,3.397789
0,Clockwise,10,30,-6.627197,3.071114
0,Clockwise,10,30,-6.67215,3.36927
0,Clockwise,10,30,-6.71463,3.264595
0,Clockwise,10,30,-6.786987,3.311676
0,Clockwise,10,30,-6.827789,3.330086
0,Clockwise,10,30,-6.868378,3.31218
0,Clockwise,10,30,-6.948608,3.377937
0,Clockwise,10,30,-6.995636,3.401161
0,Clockwise,10,30,-7.036682,3.296295
0,Clockwise,10,30,-7.117798,3.481773
0,Clockwise,10,30,-7.166748,3.595169
0,Clockwise,10,30,-7.209839,3.483955
0,Clockwise,10,30,-7.286194,3.581741
0,Clockwise,10,30,-7.326569,3.50444
0,Clockwise,10,30,-7.371887,3.544624
0,Clockwise,10,30,-7.457489,3.49984
0,Clockwise,10,30,-7.504791,3.568893
0,Clockwise,10,30,-7.544037,3.495148
0,Clockwise,10,30,-7.61795,3.462692
0,Clockwise,10,30,-7.662933,3.483597
0,Clockwise,10,30,-7.702362,3.431366
0,Clockwise,10,30,-7.787872,3.421982
0,Clockwise,10,30,-7.832031,3.457405
0,Clockwise,10,30,-7.870514,3.483215
0,Clockwise,10,30,-7.950958,3.46096
0,Clockwise,10,30,-7.996155,3.438454
0,Clockwise,10,30,-8.036499,3.422882
0,Clockwise,10,30,-8.115479,3.363274
0,Clockwise,10,30,-8.153717,3.506042
0,Clockwise,10,30,-8.201477,3.42968
0,Clockwise,10,30,-8.284424,3.441147
0,Clockwise,10,30,-8.322784,3.517288
0,Clockwise,10,30,-8.367432,3.237823
0,Clockwise,10,30,-8.457947,3.502632
0,Clockwise,10,30,-8.506226,3.460793
0,Clockwise,10,30,-8.543823,3.453484
0,Clockwise,10,30,-8.619446,3.445686
0,Clockwise,10,30,-8.660889,3.444046
0,Clockwise,10,30,-8.701508,3.455284
0,Clockwise,10,30,-8.782562,3.428665
0,Clockwise,10,30,-8.832855,3.386009
0,Clockwise,10,30,-8.884216,3.385994
0,Clockwise,10,30,-8.952423,3.296028
0,Clockwise,10,30,-9.004761,3.362175
0,Clockwise,10,30,-9.048218,3.305771
0,Clockwise,10,30,-9.048218,3.301567
0,Clockwise,10,30,-9.048218,3.347832
0,Clockwise,10,30,-9.048218,3.368759
0,Clockwise,10,30,-9.048218,3.349525
0,Clockwise,10,30,-9.048218,3.405151
0,Clockwise,10,30,-9.048218,3.313019
0,Clockwise,10,30,-9.048218,3.383682
0,Clockwise,10,30,-9.048218,3.312027
0,Clockwise,10,30,-9.048218,3.326889
0,Clockwise,10,30,-9.048218,3.331848
0,Clockwise,10,30,-9.048218,3.363777
0,Clockwise,10,30,-9.048218,3.298882
0,Clockwise,10,30,-9.048218,3.342445
0,Clockwise,10,30,-9.048218,3.321129
0,Clockwise,10,30,-9.048218,3.278809
0,Clockwise,10,30,-9.048218,3.266899
0,Clockwise,10,30,-9.048218,3.252785
0,Clockwise,10,30,-9.048218,3.268661
0,Clockwise,10,30,-9.048218,3.278053
0,Clockwise,10,30,-9.048218,3.301529
0,Clockwise,10,30,-9.048218,3.311592
0,Clockwise,10,30,-9.048218,3.299301
0,Clockwise,10,30,-9.048218,3.290192
0,Clockwise,10,30,-9.048218,3.291656
0,Clockwise,10,30,-9.048218,3.292862
0,Clockwise,10,30,-9.048218,3.292137
0,Clockwise,10,30,-9.048218,3.310455
0,Clockwise,10,30,-9.048218,3.311584
0,Clockwise,10,30,-9.048218,3.305382
0,Clockwise,10,30,-9.048218,3.310875
0,Clockwise,10,30,-9.048218,3.305229
0,Clockwise,10,30,-9.048218,3.293251
0,Clockwise,10,30,-9.048218,3.304306
0,Clockwise,10,30,-9.048218,3.304672
0,Clockwise,10,30,-9.048218,3.305313
0,Clockwise,10,30,-9.048218,3.388237
0,Clockwise,10,30,-9.048218,3.327553
0,Clockwise,10,30,-9.048218,3.322662
0,Clockwise,10,30,-9.048218,3.313293
0,Clockwise,10,30,-9.048218,3.329025
0,Clockwise,10,30,-9.048218,3.313141
0,Clockwise,10,30,-9.048218,3.346321
0,Clockwise,10,30,-9.048218,3.337158
0,Clockwise,10,30,-9.048218,3.27504
0,Clockwise,10,30,-9.048218,3.342636
0,Clockwise,10,30,-9.048218,3.313408
0,Clockwise,10,30,-9.048218,3.317329
0,Clockwise,10,30,-9.048218,3.363419
0,Clockwise,10,30,-9.048218,3.295044
0,Clockwise,10,30,-9.048218,3.258156
0,Clockwise,10,30,-9.048218,3.288795
0,Clockwise,10,30,-9.048218,3.348404
0,Clockwise,10,30,-9.048218,3.330032
0,Clockwise,10,30,-9.048218,3.269135
0,Clockwise,10,30,-9.048218,3.271286
0,Clockwise,10,30,-9.048218,3.347946
0,Clockwise,10,30,-9.048218,3.341537
0,Clockwise,10,30,-9.048218,3.339783
0,Clockwise,10,30,-9.048218,3.339836
0,Clockwise,10,30,-9.048218,3.335342
0,Clockwise,10,30,-9.048218,3.335098
0,Clockwise,10,30,-9.048218,3.336418
0,Clockwise,10,30,-9.048218,3.335114
0,Clockwise,10,30,-9.048218,3.333878
0,Clockwise,10,30,-8.96286,3.328987
0,Clockwise,10,30,-8.907013,3.332016
0,Clockwise,10,30,-8.867981,3.329277
0,Clockwise,10,30,-8.826447,3.327965
0,Clockwise,10,30,-8.786133,3.32634
0,Clockwise,10,30,-8.735107,3.326828
0,Clockwise,10,30,-8.680664,3.329384
0,Clockwise,10,30,-8.624878,3.325386
0,Clockwise,10,30,-8.569244,3.329323
0,Clockwise,10,30,-8.503937,3.324944
0,Clockwise,10,30,-8.458588,3.320885
0,Clockwise,10,30,-8.402985,3.320953
0,Clockwise,10,30,-8.348633,3.320518
0,Clockwise,10,30,-8.292786,3.319901
0,Clockwise,10,30,-8.237915,3.322601
0,Clockwise,10,30,-8.182892,3.32254
0,Clockwise,10,30,-8.123444,3.326675
0,Clockwise,10,30,-8.070984,3.324722
0,Clockwise,10,30,-8.013031,3.318855
0,Clockwise,10,30,-7.957581,3.314896
0,Clockwise,10,30,-7.903107,3.315636
0,Clockwise,10,30,-7.849457,3.314583
0,Clockwise,10,30,-7.791595,3.313705
0,Clockwise,10,30,-7.738129,3.31385
0,Clockwise,10,30,-7.681793,3.304077
0,Clockwise,10,30,-7.622162,3.298515
0,Clockwise,10,30,-7.572571,3.299835
0,Clockwise,10,30,-7.51651,3.300339
0,Clockwise,10,30,-7.453613,3.299179
0,Clockwise,10,30,-7.404327,3.307877
0,Clockwise,10,30,-7.348236,3.307526
0,Clockwise,10,30,-7.290741,3.307281
0,Clockwise,10,30,-7.236481,3.311043
0,Clockwise,10,30,-7.180725,3.313446
0,Clockwise,10,30,-7.123077,3.318817
0,Clockwise,10,30,-7.06781,3.319801
0,Clockwise,10,30,-7.010773,3.322845
0,Clockwise,10,30,-6.955261,3.315048
0,Clockwise,10,30,-6.898773,3.31353
0,Clockwise,10,30,-6.842407,3.314331
0,Clockwise,10,30,-6.782593,3.31488
0,Clockwise,10,30,-6.729279,3.320274
0,Clockwise,10,30,-6.672913,3.312523
0,Clockwise,10,30,-6.614868,3.32103
0,Clockwise,10,30,-6.559082,3.309036
0,Clockwise,10,30,-6.472809,3.313515
0,Clockwise,10,30,-6.419556,3.319611
0,Clockwise,10,30,-6.344757,3.318649
0,Clockwise,10,30,-6.301086,3.316399
0,Clockwise,10,30,-6.255432,3.319931
0,Clockwise,10,30,-6.182587,3.31955
0,Clockwise,10,30,-6.138428,3.319321
0,Clockwise,10,30,-6.074707,3.314911
0,Clockwise,10,30,-5.989502,3.315285
0,Clockwise,10,30,-5.942291,3.315475
0,Clockwise,10,30,-5.903564,3.240753
0,Clockwise,10,30,-5.820526,3.366524
0,Clockwise,10,30,-5.770966,3.321342
0,Clockwise,10,30,-5.731812,3.321342
0,Clockwise,10,30,-5.657745,3.355988
0,Clockwise,10,30,-5.614563,3.368515
0,Clockwise,10,30,-5.570282,3.374702
0,Clockwise,10,30,-5.491425,3.359154
0,Clockwise,10,30,-5.44339,3.387634
0,Clockwise,10,30,-5.401489,3.381905
0,Clockwise,10,30,-5.325226,3.381599
0,Clockwise,10,30,-5.279083,3.385216
0,Clockwise,10,30,-5.241821,3.381531
0,Clockwise,10,30,-5.160919,3.377487
0,Clockwise,10,30,-5.119415,3.369904
0,Clockwise,10,30,-5.07663,3.373245
0,Clockwise,10,30,-4.992737,3.377129
0,Clockwise,10,30,-4.952728,3.373474
0,Clockwise,10,30,-4.906952,3.376305
0,Clockwise,10,30,-4.827057,3.377007
0,Clockwise,10,30,-4.781616,3.377747
0,Clockwise,10,30,-4.742737,3.377724
0,Clockwise,10,30,-4.658722,3.384651
0,Clockwise,10,30,-4.612701,3.354767
0,Clockwise,10,30,-4.57666,3.350868
0,Clockwise,10,30,-4.494629,3.347725
0,Clockwise,10,30,-4.454865,3.350105
0,Clockwise,10,30,-4.409393,3.352753
0,Clockwise,10,30,-4.321838,3.351006
0,Clockwise,10,30,-4.281189,3.36142
0,Clockwise,10,30,-4.241516,3.352737
0,Clockwise,10,30,-4.157501,3.339455
0,Clockwise,10,30,-4.113831,3.352371
0,Clockwise,10,30,-4.076813,3.35833
0,Clockwise,10,30,-3.994476,3.360435
0,Clockwise,10,30,-3.955109,3.367821
0,Clockwise,10,30,-3.910126,3.368034
0,Clockwise,10,30,-3.827759,3.364014
0,Clockwise,10,30,-3.784332,3.359116
0,Clockwise,10,30,-3.709015,3.356766
0,Clockwise,10,30,-3.667297,3.357132
0,Clockwise,10,30,-3.625885,3.357613
0,Clockwise,10,30,-3.536682,3.362579
0,Clockwise,10,30,-3.493622,3.358459
0,Clockwise,10,30,-3.453247,3.360336
0,Clockwise,10,30,-3.364502,3.372238
0,Clockwise,10,30,-3.313934,3.372078
0,Clockwise,10,30,-3.267944,3.345604
0,Clockwise,10,30,-3.19751,3.341019
0,Clockwise,10,30,-3.156097,3.34481
0,Clockwise,10,30,-3.115204,3.322823
0,Clockwise,10,30,-3.040588,3.30349
0,Clockwise,10,30,-2.952484,3.30864
0,Clockwise,10,30,-2.874817,3.321404
0,Clockwise,10,30,-2.828735,3.306107
0,Clockwise,10,30,-2.78653,3.298935
0,Clockwise,10,30,-2.715973,3.367126
0,Clockwise,10,30,-2.674591,3.301857
0,Clockwise,10,30,-2.631805,3.324127
0,Clockwise,10,30,-2.545654,3.37661
0,Clockwise,10,30,-2.501099,3.314026
0,Clockwise,10,30,-2.461823,3.313553
0,Clockwise,10,30,-2.384186,3.313408
0,Clockwise,10,30,-2.338165,3.314751
0,Clockwise,10,30,-2.291687,3.313744
0,Clockwise,10,30,-2.215149,3.34111
0,Clockwise,10,30,-2.171997,3.340569
0,Clockwise,10,30,-2.130615,3.341217
0,Clockwise,10,30,-2.051697,3.34388
0,Clockwise,10,30,-2.006561,3.334969
0,Clockwise,10,30,-1.966003,3.329796
0,Clockwise,10,30,-1.881104,3.341293
0,Clockwise,10,30,-1.834656,3.338608
0,Clockwise,10,30,-1.789734,3.328781
0,Clockwise,10,30,-1.718262,3.329811
0,Clockwise,10,30,-1.678619,3.329811
0,Clockwise,10,30,-1.632141,3.326286
0,Clockwise,10,30,-1.5513,3.315582
0,Clockwise,10,30,-1.507874,3.308716
0,Clockwise,10,30,-1.467407,3.31321
0,Clockwise,10,30,-1.38092,3.327843
0,Clockwise,10,30,-1.335968,3.327919
0,Clockwise,10,30,-1.335968,3.330444
0,Clockwise,10,30,-1.335968,3.330536
0,Clockwise,10,30,-1.335968,3.331818
0,Clockwise,10,30,-1.335968,3.333595
0,Clockwise,10,30,-1.335968,3.338158
0,Clockwise,10,30,-1.335968,3.344788
0,Clockwise,10,30,-1.335968,3.340385
0,Clockwise,10,30,-1.335968,3.339943
0,Clockwise,10,30,-1.335968,3.34201
0,Clockwise,10,30,-1.335968,3.340576
0,Clockwise,10,30,-1.335968,3.342003
0,Clockwise,10,30,-1.335968,3.343719
0,Clockwise,10,30,-1.335968,3.341133
0,Clockwise,10,30,-1.335968,3.342369
0,Clockwise,10,30,-1.335968,3.342941
0,Clockwise,10,30,-1.335968,3.346054
0,Clockwise,10,30,-1.335968,3.347275
0,Clockwise,10,30,-1.335968,3.349014
0,Clockwise,10,30,-1.335968,3.363289
0,Clockwise,10,30,-1.335968,3.346779
0,Clockwise,10,30,-1.335968,3.313591
0,Clockwise,10,30,-1.335968,3.345596
0,Clockwise,10,30,-1.335968,3.313454
0,Clockwise,10,30,-1.335968,3.35202
0,Clockwise,10,30,-1.335968,3.347954
0,Clockwise,10,30,-1.335968,3.374283
0,Clockwise,10,30,-1.335968,3.367493
0,Clockwise,10,30,-1.335968,3.3573
0,Clockwise,10,30,-1.335968,3.350632
0,Clockwise,10,30,-1.335968,3.350044
0,Clockwise,10,30,-1.335968,3.388603
0,Clockwise,10,30,-1.335968,3.34848
0,Clockwise,10,30,-1.335968,3.314835
0,Clockwise,10,30,-1.335968,3.329803
0,Clockwise,10,30,-1.335968,3.288231
0,Clockwise,10,30,-1.335968,3.345596
0,Clockwise,10,30,-1.335968,3.330093
0,Clockwise,10,30,-1.335968,3.329361
0,Clockwise,10,30,-1.335968,3.345383
0,Clockwise,10,30,-1.335968,3.359726
0,Clockwise,10,30,-1.335968,3.331215
0,Clockwise,10,30,-1.335968,3.326057
0,Clockwise,10,30,-1.335968,3.336624
0,Clockwise,10,30,-1.335968,3.338402
0,Clockwise,10,30,-1.335968,3.338554
0,Clockwise,10,30,-1.335968,3.345749
0,Clockwise,10,30,-1.335968,3.349579
0,Clockwise,10,30,-1.335968,3.348793
0,Clockwise,10,30,-1.335968,3.348419
0,Clockwise,10,30,-1.335968,3.343018
0,Clockwise,10,30,-1.335968,3.340958
0,Clockwise,10,30,-1.335968,3.342323
0,Clockwise,10,30,-1.335968,3.353722
0,Clockwise,10,30,-1.335968,3.346275
0,Clockwise,10,30,-1.335968,3.361259
0,Clockwise,10,30,-1.335968,3.365273
0,Clockwise,10,30,-1.335968,3.353851
0,Clockwise,10,30,-1.335968,3.336792
0,Clockwise,10,30,-1.335968,3.345314
0,Clockwise,10,30,-1.335968,3.290642
0,Clockwise,10,30,-1.335968,3.384331
0,Clockwise,10,30,-1.335968,3.359642
0,Clockwise,10,30,-1.335968,3.409828
0,Clockwise,10,30,-1.335968,3.382835
0,Clockwise,10,30,-1.335968,3.348961
0,Clockwise,10,30,-1.335968,3.310883
0,Clockwise,10,30,-1.335968,3.349777
0,Clockwise,10,30,-1.335968,3.316177
0,Clockwise,10,30,-1.335968,3.329498
0,Clockwise,10,30,-1.335968,3.339912
0,Clockwise,10,30,-1.335968,3.340828
0,Clockwise,10,30,-1.335968,3.347054
0,Clockwise,10,30,-1.335968,3.345406
0,Clockwise,10,30,-1.335968,3.34346
0,Clockwise,10,30,-1.335968,3.376091
0,Clockwise,10,30,-1.335968,3.323074
0,Clockwise,10,30,-1.335968,3.367455
0,Clockwise,10,30,-1.335968,3.353851
0,Clockwise,10,30,-1.335968,3.355064
0,Clockwise,10,30,-1.335968,3.345932
0,Clockwise,10,30,-1.335968,3.38932
0,Clockwise,10,30,-1.335968,3.351883
0,Clockwise,10,30,-1.335968,3.351563
0,Clockwise,10,30,-1.335968,3.354012
0,Clockwise,10,30,-1.335968,3.349243
0,Clockwise,10,30,-1.335968,3.349243
0,Clockwise,10,30,-1.335968,3.355461
0,Clockwise,10,30,-1.335968,3.360359
0,Clockwise,10,30,-1.335968,3.355186
0,Clockwise,10,30,-1.335968,3.353706
0,Clockwise,10,30,-1.335968,3.356621
0,Clockwise,10,30,-1.335968,3.372284
0,Clockwise,10,30,-1.335968,3.384872
0,Clockwise,10,30,-1.335968,3.391586
0,Clockwise,10,30,-1.335968,3.395935
0,Clockwise,10,30,-1.335968,3.397476
0,Clockwise,10,30,-1.335968,3.407928
0,Clockwise,10,30,-1.335968,3.403206
0,Clockwise,10,30,-1.335968,3.402939
0,Clockwise,10,30,-1.335968,3.417023
0,Clockwise,10,30,-1.335968,3.411133
0,Clockwise,10,30,-1.335968,3.398697
0,Clockwise,10,30,-1.335968,3.404396
0,Clockwise,10,30,-1.335968,3.406181
0,Clockwise,10,30,-1.335968,3.405281
0,Clockwise,10,30,-1.335968,3.406815
0,Clockwise,10,30,-1.335968,3.408302
0,Clockwise,10,30,-1.335968,3.409363
0,Clockwise,10,30,-1.335968,3.40905
0,Clockwise,10,30,-1.335968,3.402275
0,Clockwise,10,30,-1.335968,3.373543
0,Clockwise,10,30,-1.335968,3.329704
0,Clockwise,10,30,-1.335968,3.332352
0,Clockwise,10,30,-1.335968,3.294983
0,Clockwise,10,30,-1.335968,3.342926
0,Clockwise,10,30,-1.335968,3.283264
0,Clockwise,10,30,-1.335968,3.104759
0,Clockwise,10,30,-1.335968,3.01358
0,Clockwise,10,30,-1.335968,2.392326
0,Clockwise,10,30,-1.335968,0
0,Clockwise,10,30,-1.335968,0
0,Clockwise,10,30,-1.335968,0
0,Clockwise,10,30,-1.335968,0
0,Clockwise,10,30,-1.335968,0
0,Clockwise,10,30,-1.335968,0
0,Clockwise,10,30,-1.335968,0
0,Clockwise,10,30,-1.335968,0
0,Clockwise,10,30,-1.335968,1.711525
0,Clockwise,10,30,-1.335968,2.792152
0,Clockwise,10,30,-1.335968,2.884621
0,Clockwise,10,30,-1.335968,2.879379
0,Clockwise,10,30,-1.335968,2.944519
0,Clockwise,10,30,-1.335968,3.082054
0,Clockwise,10,30,-1.335968,3.096527
0,Clockwise,10,30,-1.335968,3.257362
0,Clockwise,10,30,-1.335968,3.257057
0,Clockwise,10,30,-1.335968,3.22258
0,Clockwise,10,30,-1.335968,3.181854
0,Clockwise,10,30,-1.335968,3.245094
0,Clockwise,10,30,-1.335968,3.17527
0,Clockwise,10,30,-1.335968,3.344688
0,Clockwise,10,30,-1.335968,3.201996
0,Clockwise,10,30,-1.335968,3.250717
0,Clockwise,10,30,-1.335968,3.369598
0,Clockwise,10,30,-1.335968,3.301514
0,Clockwise,10,30,-1.335968,3.313049
0,Clockwise,10,30,-1.335968,3.381935
0,Clockwise,10,30,-1.335968,3.334549
0,Clockwise,10,30,-1.335968,3.334549
0,Clockwise,10,30,-1.335968,3.310616
0,Clockwise,10,30,-1.335968,3.310127
0,Clockwise,10,30,-1.335968,3.28363
0,Clockwise,10,30,-1.335968,3.268631
0,Clockwise,10,30,-1.335968,3.293526
0,Clockwise,10,30,-1.335968,3.28743
0,Clockwise,10,30,-1.335968,3.274139
0,Clockwise,10,30,-1.335968,3.280174
0,Clockwise,10,30,-1.419464,3.28437
0,Clockwise,10,30,-1.47226,3.249275
0,Clockwise,10,30,-1.519867,3.256401
0,Clockwise,10,30,-1.562286,3.305176
0,Clockwise,10,30,-1.607727,3.263947
0,Clockwise,10,30,-1.645905,3.284607
0,Clockwise,10,30,-1.702881,3.264168
0,Clockwise,10,30,-1.758942,3.274323
0,Clockwise,10,30,-1.812592,3.350845
0,Clockwise,10,30,-1.872986,3.296333
0,Clockwise,10,30,-1.924255,3.231834
0,Clockwise,10,30,-1.983276,3.227501
0,Clockwise,10,30,-2.034912,3.247566
0,Clockwise,10,30,-2.093689,3.240952
0,Clockwise,10,30,-2.147461,3.233513
0,Clockwise,10,30,-2.203125,3.219246
0,Clockwise,10,30,-2.25708,3.222206
0,Clockwise,10,30,-2.317261,3.22171
0,Clockwise,10,30,-2.368866,3.217628
0,Clockwise,10,30,-2.425751,3.221077
0,Clockwise,10,30,-2.478363,3.245705
0,Clockwise,10,30,-2.534637,3.279869
0,Clockwise,10,30,-2.589569,3.24501
0,Clockwise,10,30,-2.648346,3.227798
0,Clockwise,10,30,-2.701782,3.209663
0,Clockwise,10,30,-2.756897,3.201935
0,Clockwise,10,30,-2.81604,3.199661
0,Clockwise,10,30,-2.874603,3.15004
0,Clockwise,10,30,-2.922882,3.172569
0,Clockwise,10,30,-2.979156,3.155136
0,Clockwise,10,30,-3.036346,3.146729
0,Clockwise,10,30,-3.09082,3.14888
0,Clockwise,10,30,-3.147583,3.145416
0,Clockwise,10,30,-3.200378,3.124603
0,Clockwise,10,30,-3.258331,3.098206
0,Clockwise,10,30,-3.311066,3.183899
0,Clockwise,10,30,-3.36911,3.166435
0,Clockwise,10,30,-3.424561,3.163261
0,Clockwise,10,30,-3.424561,3.156876
0,Clockwise,10,30,-3.424561,3.156609
0,Clockwise,10,30,-3.424561,3.159546
0,Clockwise,10,30,-3.424561,3.161026
0,Clockwise,10,30,-3.424561,3.15493
0,Clockwise,10,30,-3.424561,3.148376
0,Clockwise,10,30,-3.424561,3.147987
0,Clockwise,10,30,-3.424561,3.149818
0,Clockwise,10,30,-3.424561,3.146088
0,Clockwise,10,30,-3.424561,3.142441
0,Clockwise,10,30,-3.424561,3.113327
0,Clockwise,10,30,-3.424561,3.118195
0,Clockwise,10,30,-3.424561,3.117729
0,Clockwise,10,30,-3.424561,3.115967
0,Clockwise,10,30,-3.424561,3.115761
0,Clockwise,10,30,-3.424561,3.115166
0,Clockwise,10,30,-3.424561,3.116508
0,Clockwise,10,30,-3.424561,3.117691
0,Clockwise,10,30,-3.424561,3.118584
0,Clockwise,10,30,-3.424561,3.118958
0,Clockwise,10,30,-3.424561,3.112885
0,Clockwise,10,30,-3.424561,3.111443
0,Clockwise,10,30,-3.424561,3.110306
0,Clockwise,10,30,-3.424561,3.121117
0,Clockwise,10,30,-3.424561,3.122971
0,Clockwise,10,30,-3.424561,3.122688
0,Clockwise,10,30,-3.424561,3.193634
0,Clockwise,10,30,-3.424561,3.175148
0,Clockwise,10,30,-3.424561,3.128967
0,Clockwise,10,30,-3.424561,3.210396
0,Clockwise,10,30,-3.424561,3.130333
0,Clockwise,10,30,-3.424561,3.165001
0,Clockwise,10,30,-3.424561,3.162659
0,Clockwise,10,30,-3.424561,3.163246
0,Clockwise,10,30,-3.424561,3.194984
0,Clockwise,10,30,-3.424561,3.201775
0,Clockwise,10,30,-3.424561,3.221733
0,Clockwise,10,30,-3.424561,3.232391
0,Clockwise,10,30,-3.424561,3.207527
0,Clockwise,10,30,-3.424561,3.212494
0,Clockwise,10,30,-3.424561,3.293839
0,Clockwise,10,30,-3.424561,3.214722
0,Clockwise,10,30,-3.424561,3.228798
0,Clockwise,10,30,-3.424561,3.251396
0,Clockwise,10,30,-3.424561,3.261398
0,Clockwise,10,30,-3.424561,3.229721
0,Clockwise,10,30,-3.424561,3.26268
0,Clockwise,10,30,-3.424561,3.303688
0,Clockwise,10,30,-3.424561,3.35006
0,Clockwise,10,30,-3.424561,3.426102
0,Clockwise,10,30,-3.424561,3.451141
0,Clockwise,10,30,-3.424561,3.406631
0,Clockwise,10,30,-3.424561,3.398674
0,Clockwise,10,30,-3.424561,3.407166
0,Clockwise,10,30,-3.424561,3.388947
0,Clockwise,10,30,-3.424561,3.398705
0,Clockwise,10,30,-3.424561,3.403435
0,Clockwise,10,30,-3.424561,3.39637
0,Clockwise,10,30,-3.424561,3.39257
0,Clockwise,10,30,-3.424561,3.392555
0,Clockwise,10,30,-3.424561,3.37748
0,Clockwise,10,30,-3.424561,3.377579
0,Clockwise,10,30,-3.424561,3.386017
0,Clockwise,10,30,-3.424561,3.365082
0,Clockwise,10,30,-3.424561,3.372665
0,Clockwise,10,30,-3.424561,3.393013
0,Clockwise,10,30,-3.424561,3.380539
0,Clockwise,10,30,-3.424561,3.315613
0,Clockwise,10,30,-3.424561,3.244514
0,Clockwise,10,30,-3.424561,3.236763
0,Clockwise,10,30,-3.424561,3.21331
0,Clockwise,10,30,-3.424561,3.177582
0,Clockwise,10,30,-3.424561,3.189659
0,Clockwise,10,30,-3.424561,3.194275
0,Clockwise,10,30,-3.424561,3.184433
0,Clockwise,10,30,-3.424561,3.199959
0,Clockwise,10,30,-3.424561,3.215828
0,Clockwise,10,30,-3.424561,3.215271
0,Clockwise,10,30,-3.424561,3.198006
0,Clockwise,10,30,-3.424561,3.221199
0,Clockwise,10,30,-3.424561,3.228645
0,Clockwise,10,30,-3.424561,3.228645
0,Clockwise,10,30,-3.424561,3.225731
0,Clockwise,10,30,-3.424561,3.226158
0,Clockwise,10,30,-3.424561,3.2258
0,Clockwise,10,30,-3.424561,3.228134
0,Clockwise,10,30,-3.424561,3.226425
0,Clockwise,10,30,-3.424561,3.225822
0,Clockwise,10,30,-3.424561,3.225754
0,Clockwise,10,30,-3.424561,3.237572
0,Clockwise,10,30,-3.424561,3.187943
0,Clockwise,10,30,-3.424561,3.230614
0,Clockwise,10,30,-3.424561,3.221474
0,Clockwise,10,30,-3.424561,3.209373
0,Clockwise,10,30,-3.424561,3.218765
0,Clockwise,10,30,-3.424561,3.227753
0,Clockwise,10,30,-3.424561,3.23246
0,Clockwise,10,30,-3.424561,3.202126
0,Clockwise,10,30,-3.424561,3.197166
0,Clockwise,10,30,-3.424561,3.213127
0,Clockwise,10,30,-3.424561,3.207848
0,Clockwise,10,30,-3.424561,3.215889
0,Clockwise,10,30,-3.424561,3.221794
0,Clockwise,10,30,-3.424561,3.218887
0,Clockwise,10,30,-3.424561,3.227287
0,Clockwise,10,30,-3.424561,3.224358
0,Clockwise,10,30,-3.424561,3.231941
0,Clockwise,10,30,-3.424561,3.233368
0,Clockwise,10,30,-3.424561,3.27018
0,Clockwise,10,30,-3.424561,3.218773
0,Clockwise,10,30,-3.424561,3.223312
0,Clockwise,10,30,-3.424561,3.234383
0,Clockwise,10,30,-3.424561,3.23246
0,Clockwise,10,30,-3.424561,3.232643
0,Clockwise,10,30,-3.424561,3.233002
0,Clockwise,10,30,-3.424561,3.234451
0,Clockwise,10,30,-3.424561,3.235039
0,Clockwise,10,30,-3.424561,3.246689
0,Clockwise,10,30,-3.424561,3.247337
0,Clockwise,10,30,-3.424561,3.2481
0,Clockwise,10,30,-3.424561,3.251343
0,Clockwise,10,30,-3.424561,3.25428
0,Clockwise,10,30,-3.424561,3.258003
0,Clockwise,10,30,-3.424561,3.271896
0,Clockwise,10,30,-3.424561,3.285461
0,Clockwise,10,30,-3.424561,3.294891
0,Clockwise,10,30,-3.424561,3.289108
0,Clockwise,10,30,-3.424561,3.353569
0,Clockwise,10,30,-3.424561,3.299606
0,Clockwise,10,30,-3.424561,3.368248
0,Clockwise,10,30,-3.424561,3.515587
0,Clockwise,10,30,-3.424561,3.374077
0,Clockwise,10,30,-3.424561,3.400978
0,Clockwise,10,30,-3.424561,3.423073
0,Clockwise,10,30,-3.424561,3.449677
0,Clockwise,10,30,-3.424561,3.440285
0,Clockwise,10,30,-3.424561,3.423424
0,Clockwise,10,30,-3.424561,3.419182
0,Clockwise,10,30,-3.424561,3.420403
0,Clockwise,10,30,-3.424561,3.424446
0,Clockwise,10,30,-3.424561,3.420761
0,Clockwise,10,30,-3.34082,3.421288
0,Clockwise,10,30,-3.284882,3.424706
0,Clockwise,10,30,-3.237457,3.429626
0,Clockwise,10,30,-3.192902,3.427948
0,Clockwise,10,30,-3.145752,3.419571
0,Clockwise,10,30,-3.103638,3.419937
0,Clockwise,10,30,-3.061951,3.417091
0,Clockwise,10,30,-3.00354,3.420959
0,Clockwise,10,30,-2.951202,3.430298
0,Clockwise,10,30,-2.89447,3.432091
0,Clockwise,10,30,-2.839966,3.432602
0,Clockwise,10,30,-2.784393,3.436775
0,Clockwise,10,30,-2.726593,3.444031
0,Clockwise,10,30,-2.671204,3.444351
0,Clockwise,10,30,-2.612061,3.43544
0,Clockwise,10,30,-2.558807,3.437996
0,Clockwise,10,30,-2.505188,3.446976
0,Clockwise,10,30,-2.449371,3.451668
0,Clockwise,10,30,-2.393219,3.45015
0,Clockwise,10,30,-2.335327,3.449471
0,Clockwise,10,30,-2.285583,3.451561
0,Clockwise,10,30,-2.229218,3.456429
0,Clockwise,10,30,-2.169678,3.45076
0,Clockwise,10,30,-2.11676,3.456703
0,Clockwise,10,30,-2.059082,3.455254
0,Clockwise,10,30,-2.006592,3.461929
0,Clockwise,10,30,-1.952057,3.455269
0,Clockwise,10,30,-1.895508,3.455368
0,Clockwise,10,30,-1.840088,3.455276
0,Clockwise,10,30,-1.786163,3.450912
0,Clockwise,10,30,-1.728638,3.451546
0,Clockwise,10,30,-1.674896,3.465416
0,Clockwise,10,30,-1.619751,3.484009
0,Clockwise,10,30,-1.619751,3.49791
0,Clockwise,10,30,-1.619751,3.497665
0,Clockwise,10,30,-1.619751,3.505379
0,Clockwise,10,30,-1.619751,3.497711
0,Clockwise,10,30,-1.619751,3.505501
0,Clockwise,10,30,-1.709045,3.50856
0,Clockwise,10,30,-1.765198,3.508057
0,Clockwise,10,30,-1.806976,3.506989
0,Clockwise,10,30,-1.840271,3.504967
0,Clockwise,10,30,-1.895905,3.504776
0,Clockwise,10,30,-1.950684,3.504112
0,Clockwise,10,30,-2.00592,3.507774
0,Clockwise,10,30,-2.063965,3.5056
0,Clockwise,10,30,-2.118958,3.502098
0,Clockwise,10,30,-2.174438,3.513504
0,Clockwise,10,30,-2.228333,3.506615
0,Clockwise,10,30,-2.285919,3.503677
0,Clockwise,10,30,-2.338928,3.503929
0,Clockwise,10,30,-2.395966,3.51104
0,Clockwise,10,30,-2.455322,3.522423
0,Clockwise,10,30,-2.505554,3.523293
0,Clockwise,10,30,-2.561401,3.525642
0,Clockwise,10,30,-2.617493,3.518822
0,Clockwise,10,30,-2.673462,3.517426
0,Clockwise,10,30,-2.728851,3.523026
0,Clockwise,10,30,-2.785889,3.522697
0,Clockwise,10,30,-2.839264,3.518066
0,Clockwise,10,30,-2.897095,3.522316
0,Clockwise,10,30,-2.951538,3.522331
0,Clockwise,10,30,-3.006714,3.519928
0,Clockwise,10,30,-3.061584,3.513786
0,Clockwise,10,30,-3.119141,3.513611
0,Clockwise,10,30,-3.17453,3.501137
0,Clockwise,10,30,-3.230011,3.515457
0,Clockwise,10,30,-3.286163,3.515434
0,Clockwise,10,30,-3.342102,3.50222
0,Clockwise,10,30,-3.397156,3.507805
0,Clockwise,10,30,-3.461823,3.510643
0,Clockwise,10,30,-3.507294,3.508568
0,Clockwise,10,30,-3.563751,3.506676
0,Clockwise,10,30,-3.620941,3.507423
0,Clockwise,10,30,-3.675934,3.514862
0,Clockwise,10,30,-3.735107,3.520538
0,Clockwise,10,30,-3.790253,3.540771
0,Clockwise,10,30,-3.846252,3.521965
0,Clockwise,10,30,-3.906036,3.549904
0,Clockwise,10,30,-3.960205,3.537827
0,Clockwise,10,30,-4.017548,3.566826
0,Clockwise,10,30,-4.07254,3.466782
0,Clockwise,10,30,-4.156647,3.569664
0,Clockwise,10,30,-4.202454,3.359688
0,Clockwise,10,30,-4.24472,3.339958
0,Clockwise,10,30,-4.24472,3.417091
0,Clockwise,10,30,-4.24472,3.444496
0,Clockwise,10,30,-4.24472,3.409454
0,Clockwise,10,30,-4.24472,3.43277
0,Clockwise,10,30,-4.24472,3.400772
0,Clockwise,10,30,-4.24472,3.437325
0,Clockwise,10,30,-4.24472,3.414261
0,Clockwise,10,30,-4.24472,3.324097
0,Clockwise,10,30,-4.24472,3.368004
0,Clockwise,10,30,-4.24472,3.317863
0,Clockwise,10,30,-4.24472,3.496635
0,Clockwise,10,30,-4.24472,3.395584
0,Clockwise,10,30,-4.24472,3.407814
0,Clockwise,10,30,-4.24472,3.455101
0,Clockwise,10,30,-4.24472,3.420647
0,Clockwise,10,30,-4.24472,3.296944
0,Clockwise,10,30,-4.24472,3.195084
0,Clockwise,10,30,-4.24472,3.267479
0,Clockwise,10,30,-4.24472,3.050041
0,Clockwise,10,30,-4.24472,3.143906
0,Clockwise,10,30,-4.24472,3.031441
0,Clockwise,10,30,-4.24472,2.666756
0,Clockwise,10,30,-4.24472,2.381989
0,Clockwise,10,30,-4.24472,0
0,Clockwise,10,30,-4.24472,0
0,Clockwise,10,30,-4.24472,0
0,Clockwise,10,30,-4.24472,0
0,Clockwise,10,30,-4.24472,0
0,Clockwise,10,30,-4.24472,0
0,Clockwise,10,30,-4.24472,0
0,Clockwise,10,30,-4.24472,0
0,Clockwise,10,30,-4.24472,0
0,Clockwise,10,30,-4.24472,0
0,Clockwise,10,30,-4.24472,0
0,Clockwise,10,30,-4.24472,0
0,Clockwise,10,30,-4.24472,0
0,Clockwise,10,30,-4.24472,0
0,Clockwise,10,30,-4.24472,0
0,Clockwise,10,30,-4.24472,0
0,Clockwise,10,30,-4.24472,0
0,Clockwise,10,30,-4.24472,0
0,Clockwise,10,30,-4.24472,0
0,Clockwise,10,30,-4.24472,0
0,Clockwise,10,30,-4.24472,0
0,Clockwise,10,30,-4.24472,0
0,Clockwise,10,30,-4.24472,0
0,Clockwise,10,30,-4.24472,0
0,Clockwise,10,30,-4.24472,0
0,Clockwise,10,30,-4.24472,0
0,Clockwise,10,30,-4.24472,0
0,Clockwise,10,30,-4.24472,0
0,Clockwise,10,30,-4.24472,0
0,Clockwise,10,30,-4.24472,0
0,Clockwise,10,30,-4.24472,0
0,Clockwise,10,30,-4.24472,0
0,Clockwise,10,30,-4.24472,0
0,Clockwise,10,30,-4.24472,0
0,Clockwise,10,30,-4.24472,0
0,Clockwise,10,30,-4.24472,0
0,Clockwise,10,30,-4.24472,0
0,Clockwise,10,30,-4.24472,0
0,Clockwise,10,30,-4.24472,0
0,Clockwise,10,30,-4.24472,0
0,Clockwise,10,30,-4.24472,0
0,Clockwise,10,30,-4.24472,0
0,Clockwise,10,30,-4.24472,0
0,Clockwise,10,30,-4.24472,0
0,Clockwise,10,30,-4.24472,0
0,Clockwise,10,30,-4.24472,0
0,Clockwise,10,30,-4.24472,0
0,Clockwise,10,30,-4.24472,0
0,Clockwise,10,30,-4.24472,0
0,Clockwise,10,30,-4.24472,0
0,Clockwise,10,30,-4.24472,0
0,Clockwise,10,30,-4.24472,0
0,Clockwise,10,30,-4.24472,0
0,Clockwise,10,30,-4.24472,0
0,Clockwise,10,30,-4.24472,0
0,Clockwise,10,30,-4.24472,0
0,Clockwise,10,30,-4.24472,0
0,Clockwise,10,30,-4.24472,0
0,Clockwise,10,30,-4.24472,0
0,Clockwise,10,30,-4.24472,0
0,Clockwise,10,30,-4.24472,0
0,Clockwise,10,30,-4.24472,0
0,Clockwise,10,30,-4.24472,0
0,Clockwise,10,30,-4.24472,0
0,Clockwise,10,30,-4.24472,0
0,Clockwise,10,30,-4.24472,0
0,Clockwise,10,30,-4.24472,0
0,Clockwise,10,30,-4.24472,0
0,Clockwise,10,30,-4.24472,0
0,Clockwise,10,30,-4.24472,0
0,Clockwise,10,30,-4.24472,0
0,Clockwise,10,30,-4.24472,0
0,Clockwise,10,30,-4.24472,0
0,Clockwise,10,30,-4.24472,0
0,Clockwise,10,30,-4.24472,0
0,Clockwise,10,30,-4.24472,0
0,Clockwise,10,30,-4.24472,0
0,Clockwise,10,30,-4.24472,0
0,Clockwise,10,30,-4.24472,0
0,Clockwise,10,30,-4.24472,0
0,Clockwise,10,30,-4.24472,0
0,Clockwise,10,30,-4.24472,0
0,Clockwise,10,30,-4.24472,0
0,Clockwise,10,30,-4.24472,0
0,Clockwise,10,30,-4.24472,0
0,Clockwise,10,30,-4.24472,0
0,Clockwise,10,30,-4.24472,0
0,Clockwise,10,30,-4.24472,0
0,Clockwise,10,30,-4.24472,0
0,Clockwise,10,30,-4.24472,0
0,Clockwise,10,30,-4.24472,0
0,Clockwise,10,30,-4.24472,0
0,Clockwise,10,30,-4.24472,0
0,Clockwise,10,30,-4.24472,0
0,Clockwise,10,30,-4.24472,0
0,Clockwise,10,30,-4.24472,0
0,Clockwise,10,30,-4.24472,0
0,Clockwise,10,30,-4.24472,0
0,Clockwise,10,30,-4.24472,0
0,Clockwise,10,30,-4.24472,0
0,Clockwise,10,30,-4.24472,0
0,Clockwise,10,30,-4.24472,0
0,Clockwise,10,30,-4.24472,0
0,Clockwise,10,30,-4.24472,0
0,Clockwise,10,30,-4.24472,0
0,Clockwise,10,30,-4.24472,0
0,Clockwise,10,30,-4.24472,0
0,Clockwise,10,30,-4.24472,0
0,Clockwise,10,30,-4.24472,0
0,Clockwise,10,30,-4.24472,0
0,Clockwise,10,30,-4.24472,0
0,Clockwise,10,30,-4.24472,0
0,Clockwise,10,30,-4.24472,0
0,Clockwise,10,30,-4.24472,0
0,Clockwise,10,30,-4.24472,0
0,Clockwise,10,30,-4.24472,0
0,Clockwise,10,30,-4.24472,0
0,Clockwise,10,30,-4.24472,0
0,Clockwise,10,30,-4.24472,0
0,Clockwise,10,30,-4.24472,0
0,Clockwise,10,30,-4.24472,0
0,Clockwise,10,30,-4.24472,0
0,Clockwise,10,30,-4.24472,0
0,Clockwise,10,30,-4.24472,0
0,Clockwise,10,30,-4.24472,0
0,Clockwise,10,30,-4.24472,0
0,Clockwise,10,30,-4.24472,0
0,Clockwise,10,30,-4.24472,0
0,Clockwise,10,30,-4.24472,0
0,Clockwise,10,30,-4.24472,0
0,Clockwise,10,30,-4.24472,0
0,Clockwise,10,30,-4.24472,0
0,Clockwise,10,30,-4.24472,0
0,Clockwise,10,30,-4.24472,0
0,Clockwise,10,30,-4.24472