Time, Head Rotation, Left Pupil Size, Left Pupil Position X, Left Pupil Position Y, Right Pupil Size, Right Pupil Position X, Right Pupil Position Y

0.02,-13.72397,2.8582,0.02398252,-0.1249161,3.177399,-0.2402881, -0.07891428
0.02,-27.44794,3.125702,0.02211583,-0.1254274,3.330429,-0.2406912, -0.08335614
0.3333333,-27.42056,3.165604,0.01449144,-0.07568789,3.462708,-0.2388587, -0.02191234
0.047086,-11.41779,3.168274,0.0186168,-0.07517171,3.468842,-0.2353643, -0.02701545
0.0100182,3.729896,3.095932,0.02276552,-0.08164716,3.46106,-0.2331714, -0.02965665
0.0077314,2.85584,3.150467,0.01708531,-0.07976305,3.369171,-0.2344834, -0.03026199
0.010856,2.827318,3.079407,0.02207518,-0.08377123,3.39119,-0.233396, -0.02794826
0.0183106,2.844017,3.101547,0.02177608,-0.0759753,3.355591,-0.2361972, -0.03234363
0.0080581,2.84825,3.092636,0.02130735,-0.07655263,3.495834,-0.2326309, -0.02707601
0.0080863,2.873966,3.100037,0.02518094,-0.07777953,3.41655,-0.2327414, -0.03046322
0.0099756,3.224746,3.059311,0.02480268,-0.07865894,3.43988,-0.2342756, -0.03259802
0.0112193,3.315773,3.113403,0.02745926,-0.07230783,3.505386,-0.2234614, -0.02504182
0.0109104,3.129025,3.109726,0.06197679,-0.04084563,3.255508,-0.1906689, 0.004757941
0.0112912,3.21751,3.075455,0.07192445,-0.03052342,3.302673,-0.1868389, 0.008181691
0.0110821,3.287951,3.041977,0.07307374,-0.03069246,3.242676,-0.1867607, 0.008435965
0.0111687,3.366536,3.021027,0.07044673,-0.03143382,3.210175,-0.1863763, 0.00531143
0.0109216,3.45893,2.963516,0.07220447,-0.03583002,3.177078,-0.1883271, 0.006131768
0.0114725,3.494481,3.06665,0.0693332,-0.03391445,3.233795,-0.1884019, 0.005887628
0.0113629,3.474259,3.112808,0.06646132,-0.03276563,3.23233,-0.1885059, 0.005383551
0.0113189,3.508716,3.056381,0.06697309,-0.03432989,3.208527,-0.1877077, 0.005149841
0.0109416,3.605944,3.096512,0.06748474,-0.03309095,3.184692,-0.1869094, 0.004916072
0.0184365,3.702701,3.103607,0.06678748,-0.03379929,3.161591,-0.1876156, 0.004226148
0.0071413,3.810473,3.094986,0.06646132,-0.0339998,3.158951,-0.1894649, 0.004992723
0.0075205,3.930353,3.094986,0.06646132,-0.0339998,3.158951,-0.1894649, 0.004992723
0.0108901,4.015578,3.041519,0.06596291,-0.03407288,3.227966,-0.1919521, 0.004301012
0.0106682,4.088052,3.047226,0.06562269,-0.03403628,3.216553,-0.1910811, 0.004516006
0.0111588,4.177667,3.057388,0.06528234,-0.03407288,3.253296,-0.1918707, 0.005891263
0.0114281,4.278074,3.068298,0.06473005,-0.0339998,3.274414,-0.1918852, 0.004451275
0.0109094,4.389326,3.075714,0.06425285,-0.03403628,3.279785,-0.1923366, 0.004516006
0.0116121,4.513967,3.070328,0.06377566,-0.03407288,3.104568,-0.1972154, 0.003577471
0.0108421,4.62482,2.986511,0.05879724,-0.03386152,3.129059,-0.1959726, 0.008054018
0.011221,4.721126,2.986923,0.04382002,-0.03299665,3.14801,-0.2081529, 0.007596135
0.01115,4.811843,2.945053,0.01570463,-0.03258634,3.25119,-0.2393454, 0.01451302
0.0109804,4.881793,2.759537,-0.02771538,-0.03922343,3.353287,-0.2786519, 0.012321
0.0110241,4.952486,2.829803,-0.02895772,-0.03287005,3.337189,-0.2798876, 0.01406896
0.0201464,5.020061,2.7854,-0.03414237,-0.03923309,3.340805,-0.2774983, 0.01341599
0.0073053,5.072195,2.7854,-0.03414237,-0.03923309,3.340805,-0.2774983, 0.01341599
0.007204,5.105966,2.828079,-0.03370345,-0.0379591,3.328949,-0.2787939, 0.01267672
0.0096911,5.124968,2.951614,-0.0329408,-0.02966809,3.316986,-0.2800896, 0.01193732
0.0111891,5.139671,2.898148,-0.03738219,-0.03122401,3.302933,-0.2814031, 0.01193732
0.0108745,5.112687,2.948837,-0.03653288,-0.02978277,3.277176,-0.2816501, 0.01182526
0.0112824,5.070955,2.689484,-0.03034484,-0.03384185,3.251892,-0.2818971, 0.01193732
0.0111987,5.035196,2.828217,-0.0335483,-0.02603304,3.230301,-0.2827715, 0.01193732
0.0110066,4.981004,2.745026,-0.03366733,-0.02754378,3.172897,-0.2829742, 0.01240188
0.0113025,4.910413,2.826553,-0.03589815,-0.0286473,3.115646,-0.2831769, 0.01286638
0.0107815,4.80874,2.829361,-0.03604186,-0.02984595,3.103683,-0.283438, 0.01288146
0.0112142,4.697842,2.813599,-0.03586733,-0.02975082,3.087097,-0.2843432, 0.01286638
0.0112922,4.609738,2.814499,-0.03570145,-0.02931988,3.079803,-0.2844472, 0.01237869
0.0111907,4.521545,2.799515,-0.03526205,-0.02891767,3.057495,-0.2844472, 0.01283747
0.018726,4.417266,2.783035,-0.03440905,-0.02891767,3.012177,-0.2844472, 0.01283747
0.0081794,4.306194,2.780457,-0.03382951,-0.02888882,3.010391,-0.2844472, 0.01237869
0.0081373,4.180992,2.772888,-0.03374839,-0.02891767,3.011368,-0.2844472, 0.01256472
0.0090032,4.057144,2.76506,-0.03366733,-0.02888882,3.01062,-0.2843432, 0.01237869
0.0113053,3.940098,2.750259,-0.03366733,-0.0289464,2.998566,-0.2837791, 0.01237869
0.010861,3.813655,2.748322,-0.03335482,-0.02950287,2.972702,-0.2833566, 0.01222122
0.0116461,3.697589,2.748993,-0.03219324,-0.0289464,3.010925,-0.2790914, 0.0117076
0.010845,3.585945,2.720642,-0.03216773,-0.02888882,2.983688,-0.2772628, 0.0100885
0.0113678,3.468022,2.653,-0.0304631,-0.02782619,2.81929,-0.276275, 0.01216948
0.0108375,3.34994,2.596527,-0.02879363,-0.03026283,2.859497,-0.2762767, 0.009602904
0.0108123,3.223768,2.628815,-0.02845961,-0.03082669,2.864151,-0.2756312, 0.01114881
0.0112349,3.089389,2.618469,-0.02778924,-0.03082669,2.837723,-0.2743245, 0.01096857
0.01101,2.924612,2.587692,-0.02499849,-0.03264904,2.830353,-0.2718962, 0.01184005
0.0257354,2.750326,2.181122,-0.02429146,-0.03597581,2.068436,-0.2605814, -0.0004425049
0.0252407,2.445693,0,INVALID,INVALID,0,INVALID, INVALID
0.0109119,2.784328,0,INVALID,INVALID,0,INVALID, INVALID
0.0077636,2.549237,0,INVALID,INVALID,0,INVALID, INVALID
0.0084151,1.624189,0,INVALID,INVALID,0,INVALID, INVALID
0.0110839,1.338094,0,INVALID,INVALID,0,INVALID, INVALID
0.0113241,1.0377,0,INVALID,INVALID,0,INVALID, INVALID
0.0110502,0.6689931,0,INVALID,INVALID,0,-0.2608163, -0.241756
0.0106572,0.7396822,0,INVALID,INVALID,0,-0.2899951, -0.2003179
0.0111896,0.8778906,0,-0.02115715,-0.1758637,0,INVALID, INVALID
0.010945,0.8661386,0,-0.02115715,-0.1758637,0,INVALID, INVALID
0.0111128,0.8808197,2.283051,-0.0420996,-0.03956485,2.020462,-0.2734089, -0.03994858
0.0114047,1.088622,2.257629,-0.04350781,-0.03447986,2.568588,-0.2666628, 0.0009483099
0.0111818,1.327869,2.285233,-0.03363496,-0.03363502,2.967712,-0.2662865, 0.01324278
0.018495,0.004447625,2.286667,-0.03005409,-0.03141773,2.623291,-0.2625812, 0.01323146
0.0090616,-1.252319,2.348648,-0.02791548,-0.03846979,2.430176,-0.2605763, 0.003077865
0.0080564,-1.350006,2.283524,-0.02864981,-0.04116666,2.570587,-0.2663101, -0.00451231
0.0084663,-1.429169,2.318146,-0.02586347,-0.0423435,2.53006,-0.2645761, -0.002709508
0.0112764,-1.5578,2.310883,-0.025567,-0.04111004,2.460678,-0.2612708, -0.006827354
0.0111145,-1.820068,2.316208,-0.02376902,-0.04412985,2.507172,-0.2638452, -0.009187222
0.0112414,-1.965729,2.251068,-0.02409333,-0.04548192,2.658676,-0.2608637, -0.008669019
0.0109496,-1.927582,2.278625,-0.02228898,-0.04349995,2.578598,-0.2633086, -0.009995461
0.0109688,-1.870148,2.243607,-0.02077866,-0.04801846,2.61171,-0.2609331, -0.01104593
0.0115686,-1.810486,2.209396,-0.02057451,-0.04767919,2.49382,-0.2600114, -0.01421773
0.0108891,-1.720154,2.241653,-0.0200398,-0.04616487,2.509491,-0.2583289, -0.01476169
0.0112233,-1.66156,2.113739,-0.01828921,-0.05154955,2.497116,-0.2588597, -0.013533
0.0112313,-1.629517,2.310715,-0.01985705,-0.044631,2.48671,-0.2565975, -0.01272202
0.0112174,-1.574615,2.193314,-0.01821882,-0.05024517,2.480194,-0.2577594, -0.01209307
0.0179168,-1.527008,2.200562,-0.01837128,-0.05002964,2.511108,-0.2577594, -0.01209307
0.0085267,-1.483002,2.165558,-0.01956266,-0.05092144,2.496246,-0.2578368, -0.01169431
0.0076419,-1.441223,2.244736,-0.02074552,-0.04798341,2.481277,-0.2577594, -0.01129568
0.0101373,-1.408295,2.242493,-0.01977569,-0.04786658,2.473938,-0.2576048, -0.01068234
0.0108206,-1.380402,2.230591,-0.01982087,-0.0476613,2.470673,-0.2575572, -0.0100379
0.0115005,-1.374878,2.241638,-0.01895124,-0.04757297,2.474487,-0.2574503, -0.01000655
0.0109369,-1.41037,2.245575,-0.01980889,-0.0476613,2.474182,-0.2572601, -0.009793282
0.0113286,-1.452484,2.245407,-0.01980889,-0.0476613,2.456909,-0.2559548, -0.00743103
0.0110788,-1.490845,2.241196,-0.02053261,-0.04774976,2.493912,-0.2563902, -0.008606553
0.0108183,-1.535065,2.230438,-0.01992476,-0.04786658,2.390732,-0.2534947, -0.01074505
0.0112281,-1.591827,2.24173,-0.01913416,-0.04855037,2.392029,-0.2531849, -0.008305311
0.0114344,-1.637878,2.243652,-0.01895124,-0.04798341,2.39061,-0.2528215, -0.008365273
0.0107398,-1.684326,2.226837,-0.0189237,-0.04855037,2.391495,-0.2524581, -0.008305311
0.0113477,-1.745544,2.207764,-0.01880574,-0.04936528,2.391205,-0.2524581, -0.008425236
0.0189032,-1.797791,2.072327,-0.01199865,-0.05623579,2.480759,-0.2484241, -0.01317525
0.0083062,-1.832642,2.081253,-0.007696509,-0.06989837,2.47438,-0.2489629, -0.02391541
0.0083358,-1.851898,2.081635,0.00378561,-0.08728778,2.49884,-0.248987, -0.03859854
0.0085038,-1.873291,2.093643,0.007570744,-0.09583807,2.437592,-0.2504854, -0.04750156
0.011158,-1.880829,2.077835,0.004839301,-0.09477115,2.492172,-0.2489912, -0.04931927
0.0110626,-1.871094,2.121246,0.003679395,-0.09276187,2.383484,-0.2461471, -0.04896879
0.0112567,-1.865814,2.118607,0.003753424,-0.09296596,2.395752,-0.2469351, -0.04942942
0.0111424,-1.846191,2.127975,0.003827572,-0.09317005,2.385483,-0.2461471, -0.04898262
0.0109454,-1.793152,2.159851,0.004167914,-0.09442079,2.385452,-0.2461471, -0.04896879
0.0110089,-1.731445,2.145096,0.004426479,-0.09524119,2.397598,-0.2460742, -0.04897571
0.011102,-1.666565,2.130325,0.004167914,-0.0958488,2.409683,-0.2461471, -0.04898262
0.011504,-1.579285,2.128479,0.00400579,-0.09503067,2.438416,-0.2460014, -0.04898262
0.0116538,-1.495697,2.129501,0.003916621,-0.09543979,2.424072,-0.2460742, -0.04921043
0.0121998,-1.41217,2.130875,0.003753424,-0.09586775,2.421707,-0.2463084, -0.04927337
0.0189188,-1.317535,2.145554,0.003421903,-0.09543979,2.432327,-0.2464772, -0.04966414
0.008288,-1.238068,2.150085,0.003164411,-0.09503067,2.431641,-0.2464845, -0.04943824
0.0078842,-1.156158,2.159225,0.003077745,-0.09503067,2.433289,-0.2466663, -0.04989004
0.0086335,-1.070404,2.159088,0.002365708,-0.09503067,2.438858,-0.2466663, -0.05004644
0.011132,-0.9805603,2.159454,0.002365708,-0.09503067,2.443512,-0.2469713, -0.05056274
0.0111084,-0.8926086,2.15271,0.0009922981,-0.09418273,2.444489,-0.247193, -0.05056274
0.0112326,-0.8159485,2.166107,0.0009063482,-0.09416366,2.467056,-0.2472364, -0.05056274
0.0109404,-0.7368774,2.168243,0.0009063482,-0.09401381,2.467239,-0.2478006, -0.05056274
0.0112946,-0.6283875,2.169785,0.0002779961,-0.09404659,2.463699,-0.2523205, -0.04737246
0.0110438,-0.5093994,2.165848,-0.0001142621,-0.09401274,2.465744,-0.2514507, -0.04700446
0.0112088,-0.4350586,2.172928,-0.0005591512,-0.09387481,2.472275,-0.2516112, -0.04782069
0.0111098,-0.3626709,2.051056,-0.002417624,-0.09121513,2.422363,-0.240517, -0.03199863
0.0110063,-0.2956238,2.088455,0.002114534,-0.07086957,2.538528,-0.229638, -0.02353871
0.0114397,-0.2638855,2.061371,0.009184361,-0.05246067,2.565811,-0.2283499, -0.01686311
0.0180191,-0.2094421,1.958206,0.01718283,-0.05977082,2.454041,-0.2275003, -0.0006462336
0.0084032,-0.1551514,2.013641,0.01726115,-0.05218816,2.481918,-0.2295821, -0.0002645254
0.007712,-0.125061,2.093277,0.01936972,-0.04835498,2.403214,-0.2306207, -0.0001630783
0.0099408,-0.09262085,1.925964,0.01464665,-0.05516756,2.466599,-0.2289417, 0.001232147
0.0109589,-0.06646729,1.966614,0.01500475,-0.05313587,2.433472,-0.2305388, 0.001110673
0.0113577,-0.05758667,2.19136,0.01358259,-0.0440433,2.359314,-0.2297771, -0.003178239
0.0110998,-0.04806519,1.990662,0.0119499,-0.05212879,2.391708,-0.2292919, -0.004347801
0.0110523,-0.03173828,2.046875,0.01245487,-0.0497179,2.408661,-0.2290946, -0.001189232
0.010948,-0.01119995,2.012146,0.01175642,-0.05252516,2.40567,-0.2300489, -0.002935886
0.0120163,0.007495751,2.016449,0.01175642,-0.05146754,2.380463,-0.2290629, -0.004909635
0.0112502,0.01853877,1.993622,0.01105809,-0.05216062,2.397369,-0.2290946, -0.00468266
0.010268,0.02103913,2.019958,0.01175642,-0.05146754,2.377777,-0.2293052, -0.00410974
0.0110278,0.02852632,2.006119,0.01097584,-0.05374658,2.372559,-0.2298824, -0.004630923
0.0113556,0.04012523,2.017792,0.01089334,-0.05216062,2.381714,-0.230249, -0.004579306
0.0179121,0.02806349,2.019333,0.01089334,-0.05216062,2.381439,-0.2302763, -0.004651427
0.008465,0.02432024,2.029266,0.01097584,-0.05146754,2.369125,-0.230396, -0.004667044
0.0083549,0.04003035,2.020889,0.01089334,-0.05178714,2.357224,-0.2302763, -0.004651427
0.0094637,0.06022375,2.045502,0.01253164,-0.04857814,2.407013,-0.2316153, -0.0001026392
0.01117,0.09809044,2.02951,0.01049948,-0.05084324,2.405746,-0.2291226, -0.001646161
0.0111968,0.1300227,2.057846,0.007738233,-0.0470463,2.371948,-0.2285315, 0.00150162
0.0110825,0.1602353,2.051102,0.007072568,-0.04709482,2.374344,-0.2259605, 0.003349304
0.0114752,0.2183347,2.121521,0.006475091,-0.04301262,2.294312,-0.226643, 0.003784537
0.0114465,0.2890592,2.104736,0.006196141,-0.03891408,2.308624,-0.2295797, 0.004302502
0.0109804,0.3630927,2.088425,0.007228017,-0.03997815,2.374207,-0.2240623, 0.01746249
0.0114396,0.4135948,2.052429,-0.006127238,-0.01400971,2.402176,-0.2346581, 0.02639067
0.011247,0.4392354,2.171707,-0.01199812,-0.01039052,2.078476,-0.2247698, -0.01703238
0.0111633,0.4325872,0,INVALID,INVALID,0,INVALID, INVALID
0.0108672,0.3548292,0,INVALID,INVALID,0,INVALID, INVALID
0.0191273,0.2545651,0,INVALID,INVALID,0,INVALID, INVALID
0.008802,0.1667699,0,INVALID,INVALID,0,INVALID, INVALID
0.0086435,0.06054326,0,INVALID,INVALID,0,INVALID, INVALID
0.0080026,-0.0362854,0,INVALID,INVALID,0,INVALID, INVALID
0.0096397,-0.1425476,0,INVALID,INVALID,0,INVALID, INVALID
0.0111968,-0.2793274,0,INVALID,INVALID,0,INVALID, INVALID
0.010971,-0.4180908,0,INVALID,INVALID,0,INVALID, INVALID
0.0112138,-0.5933838,0,INVALID,INVALID,0,INVALID, INVALID
0.0114029,-0.8241577,0,INVALID,INVALID,0,0.4696447, -0.8179446
0.0107666,-1.092957,0,INVALID,INVALID,0,0.4865302, -0.7722913
0.0110984,-1.39267,0,INVALID,INVALID,0,INVALID, INVALID
0.0112257,-1.732635,0,INVALID,INVALID,0,0.4975638, -0.7803235
0.0111589,-2.059906,0,INVALID,INVALID,0,0.4865302, -0.7850085
0.0114337,-2.353882,0,INVALID,INVALID,0,INVALID, INVALID
0.0178873,-2.604919,0,INVALID,INVALID,0,INVALID, INVALID
0.0082237,-2.804108,0,INVALID,INVALID,0,INVALID, INVALID
0.0079914,-2.979065,0,INVALID,INVALID,0,INVALID, INVALID
0.0101745,-3.193878,0,INVALID,INVALID,0,INVALID, INVALID
0.0107796,-3.42334,0,INVALID,INVALID,0,INVALID, INVALID
0.0110883,-3.642212,0,INVALID,INVALID,0,INVALID, INVALID
0.0110568,-3.892181,0,INVALID,INVALID,0,INVALID, INVALID
0.011059,-4.038971,0,INVALID,INVALID,0,INVALID, INVALID
0.0110721,-4.160797,0,INVALID,INVALID,0,INVALID, INVALID
0.0112281,-4.291595,0,INVALID,INVALID,0,INVALID, INVALID
0.011173,-4.36261,0,INVALID,INVALID,0,INVALID, INVALID
0.0114654,-4.4953,0,INVALID,INVALID,0,INVALID, INVALID
0.0106633,-4.632446,0,INVALID,INVALID,0,INVALID, INVALID
0.0117084,-4.879486,0,INVALID,INVALID,0,INVALID, INVALID
0.0182443,-5.168335,0,INVALID,INVALID,0,INVALID, INVALID
0.0076338,-5.384644,0,INVALID,INVALID,0,INVALID, INVALID
0.0067603,-5.629852,0,INVALID,INVALID,0,INVALID, INVALID
0.0114965,-5.652985,0,INVALID,INVALID,0,INVALID, INVALID
0.010966,-5.783722,0,INVALID,INVALID,0,INVALID, INVALID
0.0107981,-5.922913,0,INVALID,INVALID,0,INVALID, INVALID
0.0116232,-5.661896,0,INVALID,INVALID,0,INVALID, INVALID
0.0111327,-5.359924,0,INVALID,INVALID,0,INVALID, INVALID
0.0119568,-5.856049,0,INVALID,INVALID,0,INVALID, INVALID
0.0107152,-6.39447,0,-0.6753719,-0.9014349,0,INVALID, INVALID
0.011292,-6.188629,0,INVALID,INVALID,0,INVALID, INVALID
0.0113594,-5.971832,0,INVALID,INVALID,0,INVALID, INVALID
0.0111283,-5.824493,0,-0.490616,-0.7683165,0,INVALID, INVALID
0.013934,-5.852081,0,INVALID,INVALID,0,INVALID, INVALID
0.015919,-6.019409,0,INVALID,INVALID,0,INVALID, INVALID
0.0082723,-6.239532,0,-0.3458296,-0.9084046,0,INVALID, INVALID
0.0073571,-6.502655,0,INVALID,INVALID,0,INVALID, INVALID
0.0098739,-6.932617,0,INVALID,INVALID,0,INVALID, INVALID
0.0109357,-7.35379,0,INVALID,INVALID,0,INVALID, INVALID
0.0117262,-7.527069,0,INVALID,INVALID,0,INVALID, INVALID
0.0104304,-7.618103,0,-0.2925694,-0.9513816,0,INVALID, INVALID
0.0115237,-7.670563,0,INVALID,INVALID,0,INVALID, INVALID
0.0108342,-7.717468,0,INVALID,INVALID,0,INVALID, INVALID
0.0110452,-8.044006,0,INVALID,INVALID,0,INVALID, INVALID
0.0114231,-8.5065,0,-0.8682451,-0.4371121,0,INVALID, INVALID
0.0109718,-8.685211,0.9474792,-0.8536165,-0.4138736,0,INVALID, INVALID
0.0108378,-8.764099,0,INVALID,INVALID,0,INVALID, INVALID
0.011628,-8.796173,0,INVALID,INVALID,0,INVALID, INVALID
0.0176937,-8.66449,0,INVALID,INVALID,0,INVALID, INVALID
0.0086672,-8.518372,0,INVALID,INVALID,0,INVALID, INVALID
0.0077611,-8.371124,0,INVALID,INVALID,0,INVALID, INVALID
0.0100593,-8.174072,0,INVALID,INVALID,0,INVALID, INVALID
0.0115047,-8.679474,0,INVALID,INVALID,0,INVALID, INVALID
0.010824,-9.694702,0,INVALID,INVALID,0,INVALID, INVALID
0.0112074,-10.1467,0,INVALID,INVALID,0,INVALID, INVALID
0.010841,-10.21469,0,INVALID,INVALID,0,INVALID, INVALID
0.0111955,-10.28574,0,INVALID,INVALID,0,INVALID, INVALID
0.0113268,-10.26941,0,INVALID,INVALID,0,INVALID, INVALID
0.0109165,-10.22614,0,INVALID,INVALID,0,INVALID, INVALID
0.0109298,-10.25143,0,INVALID,INVALID,0,INVALID, INVALID
0.0113718,-10.30164,0,INVALID,INVALID,2.249557,-0.1942, -0.222754
0.0113403,-10.34042,0,0.01796889,-0.253865,1.711594,-0.1682562, -0.2815818
0.0185479,-10.35141,1.921341,0.06265545,-0.1623665,2.148438,-0.1713378, -0.07389534
0.0080422,-10.4902,2.862183,0.0693258,-0.1499867,2.300064,-0.1743407, -0.06478643
0.0076652,-11.8244,3.225433,0.08267546,-0.1611127,2.827942,-0.1692677, -0.07751644
0.0097604,-13.18579,2.887787,0.08984947,-0.1660285,3.043457,-0.1663235, -0.07501531
0.0112217,-13.61865,2.70874,0.0867027,-0.1815213,2.582321,-0.1753349, -0.07287133
0.0109061,-13.9278,2.485031,0.08603704,-0.1896423,2.603806,-0.1775461, -0.06812072
0.0111001,-13.87515,2.629456,0.08683193,-0.1857824,2.403198,-0.1728517, -0.07604694
0.0113623,-13.83292,2.503036,0.0870502,-0.1847721,2.505951,-0.1693687, -0.07713664
0.0107924,-13.80237,2.596115,0.08414388,-0.1828372,2.488449,-0.1707054, -0.07734406
0.0113672,-13.56454,2.642426,0.08434629,-0.1828663,2.509262,-0.1708807, -0.08091676
0.0113136,-13.35187,2.614334,0.08196378,-0.1799701,2.549911,-0.1764778, -0.08357561
0.0110609,-13.15359,2.609406,0.08128417,-0.1808481,2.580688,-0.1768453, -0.08065963
0.0106757,-12.89929,2.562149,0.07939625,-0.1813405,2.638641,-0.1780986, -0.07874072
0.0116755,-12.55869,2.579224,0.076882,-0.1759206,2.651108,-0.1814114, -0.08032846
0.0197504,-12.17633,2.523926,0.07244146,-0.1740367,2.545532,-0.1800406, -0.07828891
0.008446,-11.71426,2.558319,0.07229733,-0.171207,2.635452,-0.1828769, -0.08075786
0.0135225,-11.20572,2.644287,0.06443572,-0.1779709,2.693176,-0.1898592, -0.0829097
0.0108941,-10.41565,2.6091,0.06325436,-0.1778523,2.773315,-0.1907333, -0.0834651
0.0112182,-9.611145,2.616577,0.06077898,-0.1789461,2.736908,-0.1930081, -0.08588064
0.0111373,-9.151855,2.539795,0.05170751,-0.1860402,2.746521,-0.19978, -0.09155405
0.0111016,-8.733032,2.487686,0.04864931,-0.1852157,2.722595,-0.2006824, -0.08845806
0.0111739,-8.380463,2.694611,0.0471561,-0.1810782,2.742371,-0.2037572, -0.09488571
0.0110342,-8.034332,2.621536,0.03623545,-0.1856135,2.695679,-0.2140805, -0.10817
0.0110215,-7.541382,2.581314,0.03597808,-0.1885529,2.727554,-0.2206513, -0.1068316
0.0111712,-7.091064,2.554169,0.03370845,-0.1886708,2.71283,-0.2214124, -0.1098801
0.0109821,-6.79129,2.551422,0.02542496,-0.1958576,2.720169,-0.2264432, -0.1149276
0.0113126,-6.490753,2.557281,0.02288294,-0.1980184,2.712524,-0.2268298, -0.1154323
0.0190603,-6.246429,2.48674,0.01828933,-0.1961724,2.632965,-0.2298692, -0.1182218
0.0081708,-5.892944,2.46907,0.01391017,-0.1983113,2.705338,-0.2332667, -0.1246396
0.0075489,-5.594757,2.526978,0.01487696,-0.1989048,2.64621,-0.2344975, -0.1228069
0.00956,-5.421021,2.445053,0.01138568,-0.2028003,2.655228,-0.2371004, -0.1261499
0.0111397,-5.121429,2.431656,0.006239891,-0.2030376,2.617096,-0.2413415, -0.1343199
0.011297,-4.697021,2.417145,0.003155351,-0.2043958,2.651855,-0.2465994, -0.138651
0.0111746,-4.260284,2.404099,-0.004638493,-0.2025568,2.565521,-0.2436312, -0.1385099
0.0106595,-3.712952,2.364899,-0.01454985,-0.2012938,2.469269,-0.2603552, -0.1422328
0.011684,-3.133728,2.184067,-0.02550155,-0.2068058,2.463898,-0.2612114, -0.1436324
0.0111968,-2.705872,2.085648,-0.0317291,-0.204819,2.54483,-0.2658328, -0.1430687
0.0109324,-2.330139,2.407715,-0.02651858,-0.2007961,2.501465,-0.2690561, -0.1475391
0.0111524,-1.890137,2.304123,-0.03203601,-0.1988313,2.484665,-0.2696636, -0.1470038
0.0125849,-1.406525,2.232147,-0.03552157,-0.1961589,2.483292,-0.2707321, -0.1479309
0.0098398,-0.9794006,1.884659,-0.008187711,-0.1703331,1.429672,-0.2376989, -0.1533489
0.0179373,-0.5677185,0,INVALID,INVALID,2.863678,-0.2098029, -0.2833441
0.0084235,-0.1919556,0,INVALID,INVALID,0,INVALID, INVALID
0.0080624,0.1696948,0,INVALID,INVALID,0,INVALID, INVALID
0.0094356,0.4907526,0,INVALID,INVALID,0,INVALID, INVALID
0.0113608,0.7384067,0,INVALID,INVALID,0,INVALID, INVALID
0.0110319,0.9761105,0,INVALID,INVALID,0,INVALID, INVALID
0.0110427,1.141566,0,INVALID,INVALID,0,INVALID, INVALID
0.0113399,1.250373,0,INVALID,INVALID,0,INVALID, INVALID
0.0108001,1.298224,0,INVALID,INVALID,0,INVALID, INVALID
0.0113261,1.251215,0,INVALID,INVALID,0,INVALID, INVALID
0.0109708,1.115512,2.030548,0.007236838,-0.3075937,0,INVALID, INVALID
0.0111008,0.9621735,2.101395,-0.03237051,-0.1508125,2.499283,-0.2617381, -0.09606326
0.011022,0.8049393,2.279327,-0.02476656,-0.1341257,2.422821,-0.2566081, -0.09749186
0.0112128,0.7403166,2.253021,-0.01833284,-0.1380788,2.341446,-0.2585747, -0.1093683
0.0196268,0.7541304,2.184937,-0.01248395,-0.1565684,2.391235,-0.2591041, -0.1070536
0.0075832,0.7379492,2.184937,-0.01248395,-0.1565684,2.391235,-0.2591041, -0.1070536
0.0077384,0.7027462,2.098999,-0.01406252,-0.1594709,2.35907,-0.2584643, -0.108674
0.0108651,0.6557067,2.082352,-0.01198959,-0.1584501,2.427658,-0.2591527, -0.1093223
0.0109098,0.6001241,1.906113,-0.01550031,-0.1639154,2.424103,-0.2560709, -0.1087773
0.011669,0.6156429,1.940567,-0.01430839,-0.1612488,2.389755,-0.2541439, -0.1077211
0.0113028,0.7091019,1.935654,-0.01083434,-0.1609627,2.363754,-0.2524624, -0.107622
0.0112057,0.8499973,2.066605,-0.008342564,-0.1601835,2.346313,-0.2535223, -0.1080947
0.0114791,1.060047,1.917343,-0.01002914,-0.1480036,2.383072,-0.2558702, -0.1072574
0.0109531,1.214452,1.956406,-0.009093463,-0.1441216,2.396255,-0.2576007, -0.1064955
0.0112176,1.328477,2.028275,-0.008614182,-0.1385654,2.359238,-0.260552, -0.1036252
0.0112971,1.46564,1.910431,-0.01575071,-0.1308694,2.173996,-0.2595619, -0.09725416
0.0110152,1.646287,1.771759,-0.0152263,-0.1156342,2.287399,-0.2581853, -0.09130597
0.011077,1.918421,1.866974,-0.01574701,-0.1064863,2.311417,-0.2591865, -0.08689284
0.01801,2.22686,1.96051,-0.0155943,-0.09948885,2.236588,-0.2594185, -0.07896698
0.0085144,2.522721,2.029617,-0.01691908,-0.09423053,2.268478,-0.2609583, -0.0757134
0.0073948,2.811299,2.091354,-0.01864702,-0.09303427,2.317993,-0.2648637, -0.07303226
0.010377,3.017151,2.023087,-0.02330214,-0.08675146,2.138474,-0.2719075, -0.06748021
0.0110446,3.14215,2.114609,-0.02856165,-0.08313167,2.199707,-0.2723892, -0.06588268
0.0113115,3.201206,2.059662,-0.02719039,-0.08112144,2.203445,-0.2761238, -0.06349576
0.011154,3.205709,2.006241,-0.02406967,-0.06543803,2.33252,-0.2712819, -0.05680561
0.0111608,3.181313,2.080399,-0.02360117,-0.05899024,2.365402,-0.2690302, -0.05581868
0.0109341,3.117332,2.104279,-0.02087921,-0.06129277,2.328003,-0.2648998, -0.05274975
0.0109735,3.137647,2.227478,-0.0110985,-0.05326629,2.273315,-0.25724, -0.04733396
0.0112102,3.08022,2.12738,-0.01124603,-0.05433273,2.255066,-0.2498868, -0.04746211
0.0113785,2.864181,2.150848,-0.005689085,-0.06170857,2.262268,-0.2458643, -0.04775929
0.0107618,2.551096,1.97789,-0.0002043247,-0.07868993,2.289124,-0.2388203, -0.04900622
0.0113485,2.177381,1.921951,0.00245285,-0.08198428,2.251373,-0.2337658, -0.04645324
0.0188752,1.776306,1.927216,0.001446843,-0.07899296,1.845474,-0.2247854, -0.03876388
0.0079928,1.367329,1.20372,-0.02094233,-0.1126078,1.667328,-0.222669, -0.06227195
0.0080167,0.9640306,0,INVALID,INVALID,0,INVALID, INVALID
0.0093243,0.5220492,0,INVALID,INVALID,0,INVALID, INVALID
0.0109577,0.1539514,0,INVALID,INVALID,0,INVALID, INVALID
0.0111001,-0.1598206,0,INVALID,INVALID,0,INVALID, INVALID
0.0111515,-0.4515076,0,INVALID,INVALID,0,INVALID, INVALID
0.0113351,-0.740448,0,INVALID,INVALID,0,INVALID, INVALID
0.0108192,-1.006805,0,INVALID,INVALID,0,INVALID, INVALID
0.0110147,-1.190155,0,INVALID,INVALID,0,INVALID, INVALID
0.0116385,-1.312683,0,INVALID,INVALID,0,INVALID, INVALID
0.0106443,-1.341797,0,INVALID,INVALID,0,INVALID, INVALID
0.0111324,-1.282501,0,INVALID,INVALID,0,INVALID, INVALID
0.0113919,-1.170563,0,INVALID,INVALID,0,INVALID, INVALID
0.0186109,-1.014679,0,INVALID,INVALID,1.801575,-0.1313698, -0.2090602
0.0074739,-0.8311157,0,INVALID,INVALID,1.214981,-0.2364221, -0.08546984
0.0069258,-0.6257324,0,INVALID,INVALID,2.078964,-0.2098844, -0.04252636
0.0110327,-0.4300842,1.533966,-0.003241479,-0.134962,2.364532,-0.2177893, -0.02890635
0.0111026,-0.2131958,2.072922,-0.003878176,-0.1042876,2.874115,-0.2222905, -0.02896464
0.0113115,-0.02828979,2.363846,0.004440427,-0.08527863,2.485168,-0.2232797, -0.02033699
0.0109117,0.1031476,2.182755,0.00319469,-0.09482515,2.373474,-0.2253258, -0.02749729
0.0116958,0.2326263,2.311234,0.008301854,-0.08942378,2.37439,-0.2240049, -0.03430212
0.0106695,0.3533108,2.175049,0.002127528,-0.09685791,2.426376,-0.2269952, -0.03133082
0.0113007,0.4617472,2.046188,0.004043698,-0.0993166,2.430481,-0.2293242, -0.02984023
0.010892,0.545099,2.064819,0.0005335808,-0.09602165,2.402039,-0.2317021, -0.03109682
0.0111444,0.6090809,2.170486,0.0004867315,-0.09793615,2.372665,-0.2298058, -0.02923369
0.0113168,0.6390814,2.273483,0.00263834,-0.09558702,2.396118,-0.2322638, -0.02805245
0.0115276,0.6168118,2.293777,0.001204848,-0.09522092,2.394699,-0.2317647, -0.02686584
0.0184168,0.6346139,2.199112,-0.002292037,-0.09604764,2.371719,-0.2361839, -0.02805603
0.0079449,0.6470972,2.173279,-0.0008882284,-0.09775043,2.459106,-0.2363044, -0.02676558
0.0076812,0.5538242,2.166107,0.001263857,-0.09279287,2.446213,-0.2351332, -0.02711833
0.0097568,0.4447064,2.229156,0.005121112,-0.09579039,2.437943,-0.2346809, -0.02729642
0.0109491,0.4078249,2.227844,0.004205346,-0.09523189,2.406372,-0.2322803, -0.0259763
0.0115358,0.4063383,2.201157,0.00366354,-0.09429228,2.399765,-0.2319847, -0.02819133
0.0111184,0.3724201,2.159012,0.005942106,-0.09378099,2.403244,-0.2317446, -0.02729177
0.0108627,0.3865515,2.177078,0.006529212,-0.09413707,2.401291,-0.2316489, -0.0276686
0.0109923,0.3861301,2.163071,0.005002499,-0.09625638,2.402588,-0.2314522, -0.02781153
0.0115314,0.3291855,2.185837,0.00550127,-0.09577191,2.408234,-0.230677, -0.02781153
0.0109373,0.2738954,2.191483,0.005337,-0.09573627,2.412537,-0.2300987, -0.0276686
0.0110179,0.2123115,2.185852,0.00550127,-0.09577191,2.412033,-0.230077, -0.02781153
0.011109,0.136991,2.196106,0.007900596,-0.09781277,2.418762,-0.2300004, -0.02781153
0.0114056,0.09260251,2.208694,0.006450295,-0.09805524,2.425613,-0.2299452, -0.02795458
0.0194541,0.08991783,2.28717,0.009065986,-0.0989567,2.448242,-0.2297533, -0.02816653
0.0087943,0.09310052,2.253784,0.007708549,-0.09904265,2.454346,-0.2295408, -0.02832067
0.0081425,0.09670965,2.262833,0.009065986,-0.0991286,2.460632,-0.2293283, -0.02847457
0.0071819,0.09729138,2.283951,0.007106423,-0.1016616,2.450272,-0.2280947, -0.02911854
0.0102224,0.1011248,2.258453,0.005733848,-0.1007819,2.459976,-0.2288595, -0.03154612
0.0110297,0.1093595,2.196442,0.006301403,-0.09760547,2.484879,-0.2314621, -0.02996111
0.0111947,0.1611204,2.269608,0.004919767,-0.09995699,2.447739,-0.2302178, -0.02906311
0.0107418,0.2292534,2.138809,0.001901388,-0.0992769,2.464066,-0.2328189, -0.02992296
0.0118166,0.2947877,2.271118,-0.001547575,-0.1037192,2.481323,-0.2354763, -0.03521383
0.0108246,0.3284912,2.259521,-0.003447294,-0.1022774,2.462296,-0.2370784, -0.03740549
0.010853,0.3360174,2.201767,-0.004365683,-0.1000746,2.471741,-0.2364148, -0.03703725
0.0111358,0.3509073,2.146835,-0.009397328,-0.09911394,2.468994,-0.2382417, -0.03548491
0.0111736,0.3633728,2.19696,-0.004746556,-0.0977354,2.525101,-0.2406635, -0.03390682
0.0115798,0.342382,2.237762,-0.006926954,-0.09813011,2.486649,-0.2395033, -0.03176868
0.0188299,0.3138047,2.200394,-0.009803176,-0.09617233,2.41658,-0.2407124, -0.032951
0.0082005,0.3222825,2.176895,-0.01093912,-0.09784877,2.454498,-0.2392986, -0.03284061
0.0085194,0.3115689,2.216797,-0.009797812,-0.09721994,2.414444,-0.2399994, -0.0301913
0.0084674,0.2616901,2.164886,-0.01329237,-0.09610486,2.439056,-0.2410668, -0.03050768
0.0110175,0.2013963,2.218552,-0.01201838,-0.09642529,2.52092,-0.2429489, -0.03083158
0.011054,0.1421766,2.293182,-0.00988996,-0.09471416,2.491745,-0.2443593, -0.02923882
0.0114655,0.04910195,2.218002,-0.0129019,-0.09502065,2.577057,-0.2450199, -0.02450705
0.0108964,-0.08309937,2.22023,-0.01487714,-0.09238422,2.547226,-0.2475259, -0.0246253
0.0111785,-0.1915588,2.173492,-0.01775873,-0.09536397,2.579926,-0.2469213, -0.0241729
0.011388,-0.3031311,2.258789,-0.01305503,-0.09313357,2.550995,-0.2469213, -0.02460515
0.0107809,-0.434906,2.259125,-0.01269335,-0.09229016,2.57724,-0.2456957, -0.02301502
0.010935,-0.5409851,2.257919,-0.01233155,-0.09313357,2.550568,-0.2439603, -0.02416849
0.011253,-0.6312561,2.271606,-0.006951809,-0.09071302,2.491302,-0.2405388, -0.0215323
0.0111701,-0.7201843,2.237274,-0.009254932,-0.09095764,2.505569,-0.2393441, -0.02220631
0.0183895,-0.7434692,2.168991,-0.009385824,-0.09501648,2.499359,-0.2347932, -0.02220631
0.0080803,-0.7499084,2.021591,-0.004546881,-0.09420216,2.348312,-0.2359262, -0.03091848
0.0076636,-0.7958374,1.451126,0.0006432533,-0.09808302,2.075516,-0.2380339, -0.03525651
0.0101651,-0.8369446,0,INVALID,INVALID,0,INVALID, INVALID
0.0112986,-0.8679504,0,INVALID,INVALID,0,INVALID, INVALID
0.0109016,-0.8955688,0,INVALID,INVALID,0,INVALID, INVALID
0.0112732,-0.9174805,0,INVALID,INVALID,0,INVALID, INVALID
0.0117889,-0.9274902,0,INVALID,INVALID,0,INVALID, INVALID
0.0109837,-0.92276,0,INVALID,INVALID,0,INVALID, INVALID
0.0112334,-0.8800049,0,INVALID,INVALID,0,INVALID, INVALID
0.0112763,-0.8375244,0,INVALID,INVALID,0,INVALID, INVALID
0.0108198,-0.7781067,0,INVALID,INVALID,0,0.4600356, -0.7806506
0.0110585,-0.7310486,0,INVALID,INVALID,0,-0.04189622, -0.1171473
0.0113852,-0.6965027,1.196671,-0.02913886,-0.1323667,1.809464,-0.1619688, -0.2132586
0.0190605,-0.6617737,2.198273,-0.01476318,-0.08402085,2.210663,-0.2362289, -0.02269864
0.0080714,-0.6371765,2.331772,-0.01899886,-0.07997096,2.722061,-0.2376118, -0.01180923
0.0072923,-0.6031494,2.446335,-0.01072884,-0.07281077,2.892136,-0.2370004, -0.005952954
0.0095811,-0.5821838,2.340088,-0.008052349,-0.07129991,2.874252,-0.2342463, -0.005739927
0.0113923,-0.4442749,2.355194,-0.00716418,-0.07818401,2.792389,-0.2380071, -0.01308155
0.011167,-0.3087158,2.15062,-0.00231874,-0.09220326,2.749374,-0.2373074, -0.02102506
0.0110143,-0.2419128,2.210663,-0.0009506345,-0.09119916,2.36055,-0.2379953, -0.02034116
0.0113176,-0.1781616,2.17337,-0.007339656,-0.09134007,2.749313,-0.2359456, -0.02179503
0.011197,-0.1060791,2.258377,-0.003331661,-0.09094548,2.421173,-0.2387812, -0.01988602
0.0111572,-0.02139282,2.189117,-0.005280137,-0.09269261,2.401031,-0.2384614, -0.02188504
0.0111398,0.1156125,2.227982,-0.001199007,-0.09521627,2.484161,-0.2382629, -0.02386677
0.0111063,0.2798884,2.190948,-0.004837573,-0.09325397,2.425293,-0.2412308, -0.02260065
0.0108244,0.3674427,2.196365,-0.004227161,-0.09322178,2.3936,-0.2385979, -0.02274907
0.0114604,0.468848,2.20282,-0.007394552,-0.09199953,2.400269,-0.2400877, -0.0236485
0.0184513,0.5400258,2.252441,-0.005676329,-0.09664655,2.45813,-0.2422662, -0.02604055
0.0086773,0.5899171,2.191193,-0.007549047,-0.09575617,2.515274,-0.2424162, -0.0243082
0.0080255,0.646956,2.219818,-0.006783843,-0.09537518,2.441772,-0.2424295, -0.02336025
0.0088901,0.6994805,2.199707,-0.007549047,-0.09499407,2.437622,-0.2431899, -0.02467573
0.0113558,0.778221,2.198502,-0.008128047,-0.09537518,2.43367,-0.243513, -0.02453995
0.0109885,0.8323193,2.192001,-0.008707106,-0.09575617,2.428757,-0.2438362, -0.02440417
0.0110595,0.8726478,2.197464,-0.008897007,-0.09575617,2.42244,-0.2440807, -0.02467573
0.0111604,0.9154752,2.197479,-0.009041131,-0.09576952,2.429749,-0.2441818, -0.02491033
0.0110153,0.9356293,2.19751,-0.009185314,-0.09578276,2.434067,-0.244283, -0.02467573
0.011249,0.9392364,2.19751,-0.009638667,-0.09578276,2.434494,-0.2465983, -0.02440417
0.0110037,0.9434144,2.20079,-0.009764314,-0.09576952,2.449493,-0.2466561, -0.02426767
0.011102,0.9124212,2.197464,-0.00988996,-0.09578276,2.4561,-0.2467138, -0.02413118
0.0111531,0.9015613,2.204361,-0.0102849,-0.09575617,2.458557,-0.2471469, -0.02413118
0.0112548,0.8974951,2.21582,-0.01060975,-0.09525287,2.457916,-0.247376, -0.02423
0.0182889,0.8340009,2.218872,-0.01282424,-0.09525287,2.458008,-0.2477567, -0.02360964
0.0088431,0.7808001,2.218872,-0.01282424,-0.09525287,2.458008,-0.2477567, -0.02360964
0.0071815,0.6994531,2.220703,-0.0128845,-0.09521389,2.460175,-0.247863, -0.0239532
0.010135,0.631492,2.219299,-0.01297224,-0.09510052,2.460236,-0.2492201, -0.02360964
0.010805,0.5557214,2.21904,-0.01297224,-0.09510052,2.456985,-0.2494928, -0.02360964
0.0111379,0.4644033,2.219391,-0.01365745,-0.09490585,2.459412,-0.2496294, -0.02344775
0.011125,0.3696979,2.24086,-0.01455081,-0.09450054,2.458603,-0.2496392, -0.0239532
0.0113646,0.298716,2.246902,-0.03229421,-0.09504557,2.437851,-0.2663797, -0.02558672
0.0149683,0.254577,2.299591,-0.03025359,-0.09462535,2.474701,-0.2694753, -0.02670705
0.0080504,0.1286336,2.282501,-0.0294531,-0.09475911,2.431732,-0.2682421, -0.02512527
0.0102893,0.005473096,2.280472,-0.03040129,-0.09462535,2.513763,-0.2668667, -0.0274446
0.0110232,-0.1095276,2.278793,-0.0294531,-0.09475911,2.437653,-0.2656653, -0.0267539
0.0112172,-0.2239685,2.278641,-0.0291577,-0.0948112,2.507797,-0.2655895, -0.02631772
0.0121615,-0.3340759,2.277145,-0.02905375,-0.094818,2.511505,-0.2659959, -0.02606297
0.0179406,-0.4455872,2.276993,-0.0283587,-0.094818,2.516586,-0.2659959, -0.02657247
0.0089521,-0.5527954,2.273773,-0.02776766,-0.09482467,2.51297,-0.2655895, -0.02700853
0.0086947,-0.6739502,2.267502,-0.02754486,-0.09536731,2.509872,-0.2651831, -0.02657247
0.0076095,-0.7754822,2.21286,-0.02630699,-0.09776938,2.507675,-0.2650225, -0.02700853
0.0100677,-0.8902283,2.290573,-0.02500397,-0.09608495,2.505508,-0.2648618, -0.0274446
0.0115799,-1.016571,2.161972,-0.02191079,-0.0967797,2.44838,-0.2597519, -0.02784383
0.0107309,-1.158081,2.187393,-0.02235091,-0.09969401,2.441772,-0.2586336, -0.02805865
0.0112067,-1.292999,2.224045,-0.02241319,-0.09893382,2.428818,-0.2594528, -0.0295136
0.0113655,-1.426331,2.182404,-0.02156758,-0.0979408,2.434784,-0.2578612, -0.02931643
0.0111213,-1.568329,2.176559,-0.02078432,-0.09770787,2.442368,-0.2570887, -0.02927125
0.0106782,-1.699646,2.216248,-0.02009672,-0.0973711,2.448746,-0.2568852, -0.02867651
0.011274,-1.783997,2.147827,-0.01893508,-0.09868765,2.447708,-0.2564648, -0.02867651
0.0110343,-1.83432,2.15004,-0.01863021,-0.09730434,2.430511,-0.250757, -0.03109264
0.0114707,-1.914673,2.173889,-0.01745409,-0.09734869,2.48645,-0.2528744, -0.02807009
0.0181992,-1.947235,2.139069,-0.01512849,-0.0991919,2.441788,-0.2497463, -0.02903235
0.0087092,-1.95224,2.151001,-0.01452088,-0.09932554,2.456573,-0.2490959, -0.02937603
0.0074326,-1.949188,2.132385,-0.01512849,-0.09945929,2.463638,-0.2487603, -0.02971959
0.009636,-1.9133,2.144501,-0.01452088,-0.09932554,2.459869,-0.2486029, -0.02937603
0.0112594,-1.84256,2.136047,-0.01429582,-0.0991919,2.470871,-0.2484455, -0.02971959
0.010948,-1.766083,2.146759,-0.01410455,-0.09932554,2.460327,-0.2475527, -0.02976811
0.0114122,-1.681732,2.161194,-0.01317614,-0.09932554,2.464584,-0.2471941, -0.02976811
0.0106676,-1.558105,2.165009,-0.01243901,-0.0991919,2.457809,-0.24666, -0.02981663
0.0114888,-1.429108,2.16423,-0.01216477,-0.09898567,2.46611,-0.2466314, -0.02976811
0.0112524,-1.307983,2.122025,-0.01230103,-0.09572053,2.48201,-0.2481323, -0.02830577
0.0108517,-1.188751,2.155029,-0.005177736,-0.09711516,2.424515,-0.2359195, -0.02875853
0.0108917,-1.071045,2.168884,-0.006025553,-0.09415936,2.422623,-0.2383701, -0.02444673
0.011055,-0.9627686,2.172852,-0.006223977,-0.09307361,2.483109,-0.2388794, -0.02174151
0.0116244,-0.8544312,2.184479,-0.005723417,-0.09184384,2.431885,-0.2414459, -0.02310741
0.01831,-0.7706604,2.206421,-0.004988909,-0.093503,2.429321,-0.2426066, -0.02257049
0.0096666,-0.6713867,2.180862,-0.006027699,-0.09454036,2.42334,-0.242775, -0.02280807
0.0074972,-0.5515442,2.188995,-0.006144762,-0.09289455,2.417633,-0.2429434, -0.02257049
0.0089355,-0.4685669,2.170074,-0.007901907,-0.0900979,2.422302,-0.243553, -0.02238953
0.0109431,-0.4041138,2.169235,-0.008166492,-0.094751,2.414658,-0.2436579, -0.02238953
0.0109197,-0.348938,2.164108,-0.008396149,-0.09416044,2.417435,-0.2441626, -0.02257049
0.0112641,-0.296875,2.170425,-0.008912206,-0.09460139,2.419373,-0.2436764, -0.02238953
0.0114996,-0.2400208,2.17041,-0.009421766,-0.09447443,2.415451,-0.2442241, -0.02238953
0.0109825,-0.1680908,2.166473,-0.009415269,-0.09463227,2.412781,-0.2442855, -0.02252936
0.0113544,-0.1183167,2.170837,-0.009421766,-0.09439635,2.411987,-0.2444546, -0.02236891
0.0110283,-0.1025696,2.170532,-0.009538829,-0.09439635,2.402924,-0.2446603, -0.02252936
0.01099,-0.0791626,2.166016,-0.009649336,-0.09463227,2.41748,-0.2453251, -0.02240121
0.0110622,-0.0406189,2.095596,-0.0107463,-0.09526503,2.4375,-0.2450379, -0.02423692
0.0113618,0.03653264,2.127289,-0.01095337,-0.09504342,2.438751,-0.2445611, -0.02401876
0.0184509,0.1200056,2.126007,-0.0104627,-0.09544587,2.456619,-0.2451192, -0.02507293
0.0090313,0.1877102,2.127319,-0.01080871,-0.09833944,2.40889,-0.2461613, -0.0229131
0.0072785,0.2535418,2.12294,-0.01407397,-0.09281039,2.405548,-0.2468274, -0.02412653
0.0094598,0.3140184,2.200302,-0.0172894,-0.09033203,2.422714,-0.2471738, -0.0224843
0.0112449,0.3791451,2.143219,-0.01607054,-0.09399676,2.411255,-0.2475203, -0.02127385
0.0112608,0.4536771,2.143127,-0.01604217,-0.09399676,2.418991,-0.2475203, -0.0220896
0.0106921,0.5150952,2.160217,-0.01562995,-0.09342694,2.426437,-0.2473726, -0.02182102
0.0112841,0.5500129,2.145554,-0.01604217,-0.09399676,2.433029,-0.2475203, -0.0219177
0.0108522,0.5703457,2.147491,-0.01607054,-0.09395063,2.429733,-0.2534999, -0.02177036
0.0110663,0.5714184,2.160233,-0.01605636,-0.09364021,2.464371,-0.2521842, -0.01998317
0.011376,0.5681005,2.145828,-0.01607054,-0.09332979,2.502731,-0.2524232, -0.02171123
0.0113608,0.5520633,2.145966,-0.0164389,-0.09328198,2.477859,-0.2531028, -0.02075911
0.0107016,0.5137231,2.159592,-0.01714033,-0.09306955,2.46637,-0.2532215, -0.02098727
0.0115573,0.4425209,2.173523,-0.01711828,-0.09285724,2.463043,-0.2533161, -0.02168036
0.0180047,0.3552336,2.173325,-0.01784188,-0.09285474,2.457275,-0.2532215, -0.02109182
0.0082623,0.2693552,2.146317,-0.01787865,-0.09222019,2.451202,-0.2531028, -0.02131665
0.0073163,0.1698281,2.159134,-0.01787865,-0.09170938,2.457153,-0.2529842, -0.02109182
0.010418,0.07461982,2.159134,-0.01787865,-0.09170938,2.461929,-0.2529544, -0.02103961
0.0109194,-0.01586914,2.149139,-0.01844603,-0.09156001,2.402313,-0.2549455, -0.02445114
0.0113657,-0.1072693,2.198212,-0.02775347,-0.09534621,2.378387,-0.2656516, -0.02704811
0.0114447,-0.1860046,2.036758,-0.02938223,-0.09935367,2.399109,-0.2657507, -0.0293864
0.0109733,-0.2599182,2.075851,-0.02489942,-0.09901118,2.380447,-0.2657065, -0.03180456
0.0112853,-0.3406372,2.140808,-0.02466059,-0.09768546,2.344894,-0.2633826, -0.02914488
0.0110532,-0.4098816,2.13179,-0.02491194,-0.09798789,2.338684,-0.2624258, -0.02817881
0.0110143,-0.480072,2.083405,-0.02489942,-0.09901118,2.358582,-0.2617339, -0.03003132
0.0115107,-0.5458374,2.087708,-0.02489942,-0.09864914,2.35405,-0.2613741, -0.03003132
0.0119271,-0.5803833,2.084183,-0.0248211,-0.09883022,2.358276,-0.2612442, -0.02979779
0.0110776,-0.6368713,2.082626,-0.02474272,-0.09864914,2.362091,-0.2611144, -0.02956426
0.0179584,-0.7047729,2.080856,-0.02442169,-0.09864914,2.3685,-0.2594122, -0.02956426
0.007406,-0.7490845,2.08313,-0.02439314,-0.09883022,2.373856,-0.2592902, -0.02979779
0.0065431,-0.770813,2.080551,-0.02436465,-0.09901118,2.379929,-0.2591681, -0.02956426
0.0111996,-0.7807312,2.082291,-0.02436018,-0.09903276,2.372101,-0.2569679, -0.02907085
0.0111886,-0.7984924,2.08284,-0.02387941,-0.09915864,2.401703,-0.2558928, -0.03106511
0.0109492,-0.8025208,2.080933,-0.02385104,-0.09915864,2.413773,-0.2564169, -0.03098083
0.0113195,-0.8095398,2.070557,-0.02338511,-0.09915864,2.398834,-0.2562329, -0.02975547
0.011304,-0.8100891,2.063736,-0.02332598,-0.09991121,2.405426,-0.2562988, -0.03007925
0.0112961,-0.7910461,2.063187,-0.02328646,-0.09991121,2.398392,-0.2562329, -0.03040302
0.0113877,-0.7746582,2.09201,-0.02265763,-0.09915864,2.399597,-0.2553687, -0.02983856
0.0115216,-0.7485657,2.103256,-0.02201194,-0.09915864,2.401733,-0.2556368, -0.02979708
0.0110885,-0.7086487,2.10347,-0.02154237,-0.09898436,2.403549,-0.2553687, -0.02983856
0.0109261,-0.6611023,2.096695,-0.02138186,-0.09898436,2.408203,-0.2551882, -0.02979708
0.0116016,-0.6227417,2.098007,-0.02138186,-0.09848344,2.401932,-0.2551882, -0.02979708
0.0178675,-0.5800476,2.098083,-0.0209989,-0.09848344,2.41333,-0.2550076, -0.02935195
0.0087336,-0.5436096,2.098312,-0.02058864,-0.09841418,2.412964,-0.2550076, -0.0293417
0.007989,-0.5135498,2.080765,-0.0209989,-0.09848344,2.404495,-0.2550076, -0.02935195
0.0090434,-0.4880981,2.098099,-0.02138186,-0.0985297,2.412613,-0.2550076, -0.02975547
0.0111326,-0.4729309,2.097977,-0.0209989,-0.0985297,2.412918,-0.2552373, -0.02983856
0.0114108,-0.4454651,2.093658,-0.0209989,-0.0985297,2.412643,-0.2552373, -0.02983856
0.0109201,-0.4364624,2.093674,-0.0209989,-0.0985297,2.420898,-0.2552896, -0.02985179
0.0108051,-0.420929,2.091492,-0.02116591,-0.09898436,2.421509,-0.2554866, -0.02985179
0.0110979,-0.4006348,2.091095,-0.02116591,-0.09935522,2.413681,-0.2557136, -0.02985179
0.0111716,-0.3891296,2.090805,-0.02176332,-0.09935522,2.412964,-0.255785, -0.02988636
0.0109082,-0.4110413,2.088837,-0.02176332,-0.09935522,2.415314,-0.2560452, -0.02988911
0.011199,-0.4511108,2.094849,-0.02202135,-0.09935522,2.421158,-0.2557972, -0.03018701
0.0113808,-0.4787292,2.094635,-0.0222407,-0.09979129,2.416077,-0.2557972, -0.03018701
0.0111915,-0.4992981,2.096619,-0.02216446,-0.09897971,2.400208,-0.2556692, -0.03095901
0.017955,-0.4956055,2.095856,-0.02216446,-0.09864092,2.460434,-0.2551357, -0.03024054
0.0087095,-0.4834595,2.09877,-0.02183092,-0.09864092,2.44841,-0.2557106, -0.0316093
0.0079262,-0.4700012,2.10202,-0.02183092,-0.09864092,2.439743,-0.2555449, -0.03161454
0.0096445,-0.4511108,2.100632,-0.02216446,-0.09897971,2.440948,-0.2557106, -0.03161967
0.011268,-0.4476013,2.100449,-0.02216446,-0.09875059,2.447968,-0.2557259, -0.03176546
0.0106942,-0.4555969,2.100906,-0.02214372,-0.09875059,2.450287,-0.2557106, -0.03191125
0.0116511,-0.4638367,2.07019,-0.02214372,-0.09921622,2.442932,-0.2557106, -0.03191125
0.0107588,-0.4681396,2.069702,-0.02214372,-0.09984052,2.436325,-0.2555454, -0.03176546
0.0115565,-0.4743958,2.070236,-0.02214372,-0.09984052,2.439209,-0.2553797, -0.03161454
0.0123547,-0.4843445,2.071442,-0.02200532,-0.09982121,2.434921,-0.2553793, -0.03161967
0.0096057,-0.4904785,2.071213,-0.0218941,-0.09982121,2.430527,-0.2553797, -0.03176546
0.0107615,-0.5135803,2.070572,-0.02200532,-0.09984052,2.426315,-0.2553802, -0.03161967
0.0114117,-0.5536194,2.068604,-0.02200532,-0.1002018,2.412247,-0.2553802, -0.03191125
0.0116951,-0.579895,2.067169,-0.02200532,-0.1002693,2.413071,-0.2553793, -0.03201497
0.0207289,-0.5966187,2.070557,-0.0218941,-0.1002018,2.413269,-0.2548932, -0.03101909
0.0083185,-0.6182556,2.070557,-0.0218941,-0.1002018,2.407761,-0.2548168, -0.030972
0.008813,-0.6487732,2.077698,-0.02188933,-0.1002018,2.40802,-0.2540381, -0.030972
0.0078372,-0.6711121,2.078232,-0.02173144,-0.1002018,2.408218,-0.2540194, -0.03101909
0.0073479,-0.6896667,2.078232,-0.02173144,-0.1002018,2.408218,-0.2540194, -0.03101909
0.0108497,-0.7216797,2.078934,-0.02161711,-0.1002018,2.407928,-0.2543988, -0.031533
0.0109973,-0.7322083,2.079239,-0.02161711,-0.09987712,2.408539,-0.2537616, -0.031533
0.0109452,-0.7233276,2.080368,-0.02160627,-0.1003096,2.408798,-0.2535908, -0.03134954
0.0111808,-0.7177124,2.080444,-0.02160627,-0.1003194,2.408798,-0.2535547, -0.03134954
0.0111426,-0.7108765,2.085754,-0.02096635,-0.1003194,2.408218,-0.2530451, -0.03134954
0.0110693,-0.6937561,2.074677,-0.02160627,-0.1006738,2.405243,-0.2529441, -0.03095615
0.011424,-0.6887512,2.067535,-0.02096194,-0.100688,2.405441,-0.2529441, -0.03120208
0.0109094,-0.6842346,2.057922,-0.02096194,-0.100688,2.412018,-0.2526001, -0.03120208
0.0111608,-0.6631775,2.059677,-0.02093369,-0.100688,2.41217,-0.2524114, -0.03120208
0.0179123,-0.6384583,2.05365,-0.02071053,-0.100688,2.41188,-0.2524114, -0.03066492
0.0081934,-0.6253052,2.05278,-0.02066398,-0.100688,2.412155,-0.2524114, -0.03066492
0.0073486,-0.6125793,2.052368,-0.02066398,-0.1006738,2.412354,-0.2524114, -0.03062105
0.0111813,-0.6111145,2.037094,-0.02066398,-0.100688,2.415344,-0.2524509, -0.03048861
0.0109095,-0.6234131,2.036942,-0.02071053,-0.1006738,2.416519,-0.2524509, -0.03048861
0.0108428,-0.62677,2.02861,-0.02071053,-0.1005025,2.416748,-0.2524509, -0.0303483
0.0113486,-0.6210938,2.028625,-0.02071053,-0.1004375,2.414566,-0.2524548, -0.0303483
0.01107,-0.5951538,2.027328,-0.02066398,-0.1004088,2.417267,-0.2524548, -0.0303483
0.011122,-0.5790405,2.027298,-0.02045989,-0.1004088,2.417801,-0.2524548, -0.0303483
0.0111447,-0.5749817,2.030975,-0.01998609,-0.1001247,2.41452,-0.2526474, -0.03035939
0.0110314,-0.5685425,2.030685,-0.019916,-0.1004088,2.415558,-0.2527698, -0.03048861
0.0109837,-0.5596008,2.029541,-0.01998609,-0.1001247,2.413162,-0.2533245, -0.03175497
0.0113297,-0.5404968,2.046173,-0.01998609,-0.1001247,2.415207,-0.2533245, -0.03175497
0.0113634,-0.5338135,2.046326,-0.02065057,-0.1001247,2.415054,-0.2527698, -0.03073597
0.018277,-0.5224609,2.056107,-0.02065057,-0.0998528,2.409012,-0.2528762, -0.03086841
0.0070839,-0.5133667,2.056107,-0.02065057,-0.0998528,2.409012,-0.2528762, -0.03086841
0.0075592,-0.514679,2.175919,-0.0199154,-0.09919071,2.360855,-0.2509166, -0.02861392
0.0109779,-0.5206604,2.222229,-0.01982969,-0.09796941,2.395325,-0.2534117, -0.02951431
0.0112162,-0.507782,2.127106,-0.009165168,-0.09327197,2.238953,-0.238594, -0.02415013
0.0109765,-0.4786987,1.756256,-0.004112422,-0.09046113,1.733002,-0.2273465, -0.03579259
0.0111122,-0.46875,0,INVALID,INVALID,1.366211,-0.2702209, -0.2520244
0.011349,-0.4527893,0,INVALID,INVALID,0,INVALID, INVALID
0.0117139,-0.4312744,0,INVALID,INVALID,0,INVALID, INVALID
0.0109678,-0.4090881,0,INVALID,INVALID,0,INVALID, INVALID
0.0113183,-0.394104,0,INVALID,INVALID,0,INVALID, INVALID
0.0112541,-0.3726196,0,INVALID,INVALID,0,INVALID, INVALID
0.0113995,-0.3404846,0,INVALID,INVALID,0,INVALID, INVALID
0.0117653,-0.3285522,0,INVALID,INVALID,0,INVALID, INVALID
0.0185888,-0.3228149,0,INVALID,INVALID,0,INVALID, INVALID
0.0089476,-0.328949,0,INVALID,INVALID,1.810349,-0.001619101, -0.2382796
0.0072803,-0.3458252,0,INVALID,INVALID,0,0.00346446, -0.1425558
0.0094044,-0.3690186,0,INVALID,INVALID,1.901245,-0.2505689, -0.1230003
0.011061,-0.3851929,0.9814301,-0.02665377,-0.1634436,2.09552,-0.2124702, -0.05647409
0.0114229,-0.4050903,2.00444,-0.02291352,-0.09198475,1.022903,-0.2238864, -0.0203172
0.0109973,-0.4419556,2.058151,-0.02185941,-0.07327259,2.22464,-0.2355139, -0.00954783
0.0109447,-0.467804,2.096207,-0.01942885,-0.06621289,2.682785,-0.235423, 0.01594573
0.0111409,-0.4699707,2.210403,-0.01983541,-0.06342256,2.804993,-0.2356666, 0.01163262
0.0112905,-0.4703979,2.217758,-0.01211375,-0.06355846,2.19722,-0.2379903, -0.001626134
0.0112263,-0.4807739,1.716721,-0.013089,-0.07260334,2.552078,-0.2370009, -0.007353425
0.0109559,-0.4768982,2.307678,-0.01236147,-0.07498598,2.293655,-0.2340159, -0.007441401
0.0110936,-0.4846191,2.219589,-0.01084048,-0.0836215,2.550415,-0.2372305, -0.01335955
0.0113741,-0.5188904,2.238083,-0.009889543,-0.08756566,2.24855,-0.2386618, -0.01500905
0.0193297,-0.5552673,2.152908,-0.009697437,-0.09208369,2.375076,-0.2384076, -0.01870871
0.0080583,-0.5596008,2.210358,-0.00817579,-0.09045875,2.33075,-0.2366377, -0.01820493
0.0074688,-0.5671082,2.155106,-0.007774055,-0.09219158,2.32579,-0.2340856, -0.01989436
0.0087843,-0.574646,2.237045,-0.005400717,-0.09264779,2.34137,-0.2343224, -0.01975405
0.0112082,-0.5699463,2.133072,-0.006370723,-0.09416759,2.338043,-0.2355078, -0.0196197
0.0109409,-0.5743408,2.222107,-0.00333488,-0.09683597,2.29718,-0.2332911, -0.02113891
0.0112746,-0.5818176,2.249268,-0.005281925,-0.0954349,2.343536,-0.2352951, -0.02118945
0.0111842,-0.5802612,2.202652,-0.005348504,-0.0962559,2.408691,-0.2351488, -0.02122688
0.011123,-0.5544128,2.233521,-0.002111077,-0.09819293,2.389175,-0.2351488, -0.02165973
0.0108637,-0.5297241,2.256363,-0.004228532,-0.09778333,2.387146,-0.2349875, -0.02211523
0.0113179,-0.5098877,2.241547,-0.005376756,-0.09865177,2.388382,-0.2349415, -0.02257073
0.0137744,-0.4928589,2.240509,-0.005042255,-0.09883213,2.373703,-0.2351488, -0.02323329
0.0081712,-0.455719,2.251984,-0.005856037,-0.09872806,2.367401,-0.2350452, -0.02405596
0.0117941,-0.414856,2.239548,-0.005301654,-0.09883213,2.361679,-0.2349415, -0.0248785
0.0181134,-0.3886414,2.222534,-0.005856037,-0.09872806,2.372757,-0.2347488, -0.02589869
0.0084518,-0.3598633,2.224899,-0.005889058,-0.09883213,2.377853,-0.2346715, -0.02671158
0.0066867,-0.3284912,2.224899,-0.005889058,-0.09883213,2.377853,-0.2346715, -0.02671158
0.0107821,-0.2946167,2.231125,-0.005889058,-0.09904623,2.456635,-0.2336789, -0.0273968
0.0110466,-0.2499695,2.190262,-0.007339537,-0.1031334,2.43454,-0.2338102, -0.02929413
0.0110132,-0.1862793,2.254807,-0.006438315,-0.1032434,2.356232,-0.234708, -0.03148448
0.0109811,-0.116333,2.291351,-0.008200526,-0.1057068,2.404663,-0.2355788, -0.03214788
0.0112574,-0.0406189,2.29425,-0.008868814,-0.1064148,2.414322,-0.235687, -0.03202534
0.0111436,0.03539063,2.301743,-0.008877933,-0.1068171,2.408569,-0.2363542, -0.0319581
0.0110946,0.10196,2.307739,-0.008877933,-0.1073382,2.411789,-0.2363542, -0.03175008
0.0109905,0.1639533,2.307053,-0.008887112,-0.1074568,2.412018,-0.2357393, -0.03189087
0.0112736,0.2183571,2.316635,-0.009269178,-0.1077114,2.41449,-0.2363804, -0.03186107
0.011095,0.2642836,2.27916,-0.01001894,-0.1081277,2.417404,-0.2370844, -0.0319581
0.0112926,0.2972203,2.272995,-0.01038653,-0.1082894,2.418289,-0.2371474, -0.03202534
0.017893,0.3236055,2.273254,-0.01146978,-0.1084052,2.422073,-0.2374865, -0.0324049
0.0089102,0.3709825,2.294739,-0.01195604,-0.108446,2.421448,-0.2374922, -0.03221512
0.0072653,0.4039199,2.316116,-0.01244217,-0.1084868,2.421158,-0.2374979, -0.0324049
0.0098998,0.4241521,2.315735,-0.01299852,-0.1105047,2.421173,-0.2386425, -0.03273273
0.0113913,0.4519062,2.319473,-0.01308924,-0.1105047,2.430405,-0.2392881, -0.03320003
0.0111535,0.448087,2.320984,-0.01464599,-0.1105047,2.430313,-0.2398361, -0.03341091
0.0114837,0.4235562,2.322464,-0.01659828,-0.1106874,2.431717,-0.2413083, -0.03366268
0.0110701,0.4021095,2.325394,-0.01768166,-0.1109223,2.435242,-0.2419026, -0.03387511
0.0113823,0.3631477,2.325485,-0.01784438,-0.1109957,2.435623,-0.2424009, -0.03397191
0.0109535,0.3206553,2.329727,-0.01792109,-0.1109957,2.431213,-0.2425775, -0.03452647
0.0116108,0.2878503,2.330093,-0.01839644,-0.1109223,2.439407,-0.2433326, -0.03452647
0.0107593,0.255575,2.330215,-0.01845527,-0.1109957,2.439484,-0.2433326, -0.03452647
0.0112382,0.2088535,2.331406,-0.01845527,-0.1109957,2.44313,-0.2433326, -0.03500485
0.0113723,0.1603276,2.325943,-0.01901406,-0.1103896,2.444244,-0.2437819, -0.03539836
0.0179401,0.1484569,2.324753,-0.01901406,-0.1102002,2.444077,-0.2437819, -0.03539836
0.0082237,0.1236891,2.321579,-0.01991004,-0.1103896,2.442657,-0.2433326, -0.0353564
0.008134,0.0705076,2.321579,-0.01991004,-0.1103896,2.444244,-0.2433326, -0.0353564
0.0097542,0.0409535,2.322098,-0.01991004,-0.1097511,2.442673,-0.2433326, -0.03539836
0.0111476,0.02289218,2.212891,-0.02671599,-0.1016043,2.473587,-0.2491382, -0.02940369
0.011246,0.8637787,2.262863,-0.03894091,-0.09329808,2.432083,-0.2701245, -0.01800203
0.0111126,1.680101,2.359192,-0.04084617,-0.08855045,2.391342,-0.2726324, -0.01191592
0.0113565,0.9143486,2.414505,-0.03827804,-0.08835578,2.350311,-0.2701095, -0.01776063
0.0109157,0.1248723,2.29538,-0.03961337,-0.08865643,2.387466,-0.2714186, -0.01636171
0.010961,0.04407327,2.289841,-0.04098481,-0.08869815,2.453232,-0.2702674, -0.01858914
0.0114057,-0.2408752,2.294098,-0.04062086,-0.08915591,2.417587,-0.2672184, -0.01895463
0.0108219,-0.5770569,2.293289,-0.04154772,-0.0893904,2.413361,-0.2686718, -0.01893771
0.0111351,-0.6885986,2.252441,-0.03915167,-0.09078372,2.412292,-0.2686508, -0.01892078
0.0113029,-0.8137512,2.330078,-0.04285395,-0.08770823,2.387451,-0.2688785, -0.01652479
0.0177806,-1.046082,2.375443,-0.04105806,-0.08669496,2.467819,-0.2667468, -0.01669216
0.0088131,-1.237946,2.295135,-0.03822255,-0.09187591,2.414215,-0.2657677, -0.01840448
0.0074474,-1.29068,2.272079,-0.03917497,-0.08960903,2.510239,-0.2667174, -0.02068424
0.0100611,-1.278839,2.407516,-0.03764188,-0.08736145,2.475937,-0.2627882, -0.02348089
0.011163,-1.283417,2.286331,-0.03608167,-0.09130919,2.481964,-0.2648309, -0.02262318
0.0111745,-1.25473,2.308914,-0.03409088,-0.09287381,2.415924,-0.2630516, -0.02631283
0.0110565,-1.157593,2.35141,-0.03191084,-0.09327495,2.498444,-0.2610992, -0.02186632
0.0112906,0.8527189,2.31604,-0.03181058,-0.09426439,2.471863,-0.2614335, -0.02454674
0.011037,2.852774,2.27066,-0.03169733,-0.0947789,2.427673,-0.2605537, -0.02620542
0.0109856,3.300154,2.264069,-0.03169107,-0.09546638,2.48259,-0.2610289, -0.02325332
0.0111354,3.755491,2.264984,-0.03179812,-0.09563923,2.33696,-0.2615883, -0.02854669
0.0111467,4.001405,2.273682,-0.03181058,-0.09563923,2.380249,-0.259488, -0.02751827
0.0111968,4.254134,2.274994,-0.03195739,-0.09591174,2.460602,-0.2614694, -0.02841425
0.0111473,4.515086,2.276474,-0.03210419,-0.09618425,2.473602,-0.262625, -0.02930021
0.0191612,4.636965,2.26651,-0.03246719,-0.09622693,2.414108,-0.2603007, -0.03127384
0.0083118,4.606663,2.26651,-0.03246719,-0.09622693,2.414108,-0.2603007, -0.03127384
0.0077048,4.694774,2.268402,-0.03228617,-0.09626973,2.443832,-0.2615399, -0.03158045
0.0083242,4.807069,2.268417,-0.03228617,-0.0963515,2.442474,-0.261255, -0.03352785
0.0111402,4.980338,2.269409,-0.03366804,-0.09741843,2.457062,-0.261657, -0.03408241
0.0109713,5.130206,2.273651,-0.03380013,-0.09788465,2.506927,-0.2617978, -0.03518975
0.0112245,5.111173,2.279861,-0.03419721,-0.09831285,2.45813,-0.2627659, -0.0327673
0.0112171,4.969159,2.364944,-0.03969139,-0.1020076,2.464844,-0.2649601, -0.03160703
0.0107241,4.900634,2.306244,-0.04249603,-0.101575,2.473206,-0.2618549, -0.03169835
0.0112478,4.799658,2.241287,-0.04077452,-0.1009487,2.453217,-0.265632, -0.03379118
0.0112373,4.601711,2.392761,-0.03945249,-0.1055967,2.539017,-0.2630452, -0.03667629
0.0109062,4.381523,2.314072,-0.0383743,-0.1063211,2.51857,-0.2627814, -0.03829312
0.0113266,4.230615,2.333908,-0.03965163,-0.1101427,2.461426,-0.2611474, -0.03874826
0.0111218,4.012216,2.336197,-0.03965163,-0.1096002,2.458588,-0.259019, -0.04276717
0.0188598,3.676259,2.354385,-0.03846604,-0.1096002,2.552414,-0.2598439, -0.04330981
0.0077486,3.311501,2.389236,-0.0365333,-0.1053977,2.407227,-0.2567657, -0.04000485
0.0070172,2.902871,2.292755,-0.02907825,-0.09909916,2.446121,-0.2540248, -0.03979659
0.0107127,2.532459,2.296677,-0.02893752,-0.0985775,2.458176,-0.2519484, -0.03410649
0.0114621,2.146845,2.286285,-0.02489316,-0.0957408,2.501266,-0.2519338, -0.03393912
0.0159889,1.80511,2.326248,-0.0222252,-0.09793687,2.448593,-0.2463625, -0.03088009
0.0075396,1.467645,2.319626,-0.01998293,-0.09548366,2.434875,-0.2465633, -0.03102732
0.0110146,1.111773,2.392731,-0.01647264,-0.1015708,2.488663,-0.2450117, -0.03328335
0.0101297,0.8300192,2.381027,-0.01641172,-0.1025817,2.46582,-0.2419592, -0.02963269
0.0106078,0.5844966,2.387634,-0.01866156,-0.1008916,2.535995,-0.2401031, -0.0322156
0.0113443,0.2818725,2.409149,-0.01460314,-0.1074611,2.533752,-0.2382663, -0.03237498
0.0107925,-0.05349731,2.401199,-0.009503186,-0.1065316,2.505112,-0.2345236, -0.0320574
0.0115029,-0.2619629,2.269272,-0.008338451,-0.1009831,2.547348,-0.2342297, -0.02899766
0.0111037,-0.4287415,2.35553,-0.009329855,-0.09865665,2.538513,-0.2328674, -0.03129268
0.017491,-0.5417175,2.301544,-0.00528121,-0.09745526,2.589828,-0.2287959, -0.02620602
0.007866,-0.5987854,2.301544,-0.00528121,-0.09745526,2.589828,-0.2287959, -0.02620602
0.007624,-0.6491699,2.388153,-0.001173079,-0.09601915,2.534897,-0.2292087, -0.02600992
0.0112053,-0.7667236,2.335098,-0.005671084,-0.09756589,2.51033,-0.2290162, -0.02573156
0.0116178,-0.8605652,2.461044,-0.001754463,-0.09863877,2.543152,-0.2270666, -0.03005004
0.0107521,-0.9225159,2.315521,-0.005257547,-0.09492099,2.540237,-0.2264325, -0.03178477
0.0112878,-1.060547,2.363403,-0.001053751,-0.09866762,2.533279,-0.2271206, -0.0315485
0.0111191,-1.135437,2.407532,-0.001510918,-0.09847713,2.539215,-0.2278088, -0.03131223
0.011025,-1.266052,2.349686,-0.0016855,-0.09789681,2.54892,-0.2280368, -0.03081858
0.0114783,-1.424316,2.342712,-0.002707064,-0.09791338,2.533966,-0.2283838, -0.03055835
0.0112982,-1.582642,2.331696,-0.003553987,-0.09801841,2.52829,-0.2285028, -0.03038704
0.0109046,-1.738342,2.33197,-0.00406003,-0.09801841,2.542801,-0.2289778, -0.03032482
0.0116888,-1.909515,2.352036,-0.00434649,-0.0981127,2.522812,-0.2304823, -0.02603459
0.0116213,-2.104523,2.335419,-0.01299858,-0.09415209,2.575592,-0.2445323, -0.0249728
0.0187007,-2.297485,2.280304,-0.04202026,-0.07523286,2.545853,-0.2722511, -0.00130403
0.0102512,-2.508911,2.39122,-0.03895706,-0.08038652,2.51004,-0.2713095, -0.001497269
0.0074724,-2.622162,2.39122,-0.03895706,-0.08038652,2.51004,-0.2713095, -0.001497269
0.0085293,-2.750732,2.365036,-0.03988069,-0.07834649,2.505753,-0.2699585, -0.004398346
0.0071586,-2.879028,2.365036,-0.03988069,-0.07834649,2.505753,-0.2699585, -0.004398346
0.0113125,-2.984344,2.375931,-0.03636491,-0.07957888,2.527725,-0.2663361, -0.006771326
0.0109098,-3.084839,2.321869,-0.03799742,-0.07991254,2.521622,-0.2672272, -0.008945942
0.011088,-3.173065,2.328156,-0.03929526,-0.08044767,2.522736,-0.2680891, -0.01129746
0.0115145,-3.242218,2.328171,-0.03759271,-0.08044767,2.519867,-0.2665775, -0.007745266
0.0109517,-3.312531,2.423004,-0.03684461,-0.07908452,2.525131,-0.266261, -0.007392526
0.0109715,-3.399719,2.409607,-0.03507614,-0.07807446,2.527283,-0.264935, -0.006786942
0.0108539,-3.458466,2.40892,-0.03361982,-0.07907438,2.5298,-0.2639255, -0.007039905
0.011511,-3.536804,2.382721,-0.03364408,-0.08059514,2.478271,-0.2626833, -0.01084793
0.0109729,-3.575073,2.357971,-0.03366828,-0.08188593,2.533844,-0.2623276, -0.0112555
0.0182085,-3.608093,2.373138,-0.03364408,-0.08209085,2.540375,-0.2625356, -0.01111054
0.0080193,-3.620514,2.36058,-0.03361982,-0.08211589,2.560272,-0.2627992, -0.01079845
0.0079203,-3.625854,2.358154,-0.03364408,-0.08215725,2.573547,-0.2625356, -0.01111054
0.0103959,-3.647064,2.363663,-0.03361982,-0.08219862,2.576172,-0.2627992, -0.01079845
0.0106737,-3.677063,2.359833,-0.03347987,-0.08256233,2.57428,-0.2625356, -0.01111054
0.0111232,-3.687897,2.356461,-0.03333986,-0.08252239,2.569458,-0.262085, -0.01079845
0.0114588,-3.627563,2.351624,-0.03304881,-0.08292615,2.558456,-0.2612212, -0.01068926
0.0113176,-3.527893,2.263672,-0.03212714,-0.08634567,2.505722,-0.2614092, -0.01510143
0.0105705,-3.436432,2.36377,-0.03117108,-0.08644962,2.516098,-0.2586256, -0.01484799
0.0114411,-3.322723,2.299957,-0.03620422,-0.08596027,2.511047,-0.2627512, -0.01768327
0.0107749,-3.160522,2.217819,-0.03442216,-0.0894109,2.48056,-0.2633727, -0.01843715
0.0111718,-3.066437,2.246216,-0.03840834,-0.09117341,2.508926,-0.2642384, -0.01843178
0.0113674,-2.973053,2.267822,-0.03635794,-0.09357715,2.476166,-0.2653278, -0.01988459
0.0112313,-2.891693,2.23024,-0.03842211,-0.09339869,2.443909,-0.266091, -0.01975679
0.0181686,-2.819702,2.272385,-0.04200125,-0.093009,2.442078,-0.2673091, -0.01872182
0.0078889,-2.722015,2.350479,-0.04036272,-0.09440267,2.407349,-0.2672508, -0.01678443
0.0080772,-2.650269,2.337555,-0.04411501,-0.09161317,2.40625,-0.2703511, -0.01795423
0.0099358,-2.553864,2.229233,-0.04823118,-0.09366512,2.335083,-0.2724685, -0.0204314
0.011435,-2.497253,2.233887,-0.04816788,-0.09244585,2.392349,-0.2767138, -0.02216244
0.0110301,-2.449799,2.293182,-0.0512737,-0.09357035,2.293945,-0.2739069, -0.02095687
0.0112104,-2.390961,2.230591,-0.05034178,-0.09461594,2.337326,-0.2772118, -0.0218339
0.0110759,-2.356262,2.209381,-0.04999435,-0.09357107,2.259415,-0.277828, -0.02130079
0.0109875,-2.343384,2.222229,-0.03980064,-0.09014714,2.419281,-0.2656125, -0.01474166
0.011288,-2.380554,2.269562,0.0002851486,-0.08484066,2.362686,-0.2210484, -0.002671719
0.0117004,-2.426453,2.275162,0.0248121,-0.07579041,2.414078,-0.2080318, 0.000756681
0.0111768,-2.475861,2.293533,0.02905226,-0.07547116,2.413315,-0.202825, 0.0004810095
0.0117125,-2.535492,2.243622,0.02948761,-0.07660663,2.450485,-0.2044308, 0.002071083
0.0112626,-2.652588,2.281906,0.0300082,-0.07497561,2.428757,-0.202581, 0.001354754
0.0192267,-2.794952,2.187042,0.03063655,-0.08492303,2.415741,-0.2025245, -0.005001068
0.0079897,-2.93515,2.10939,0.02363729,-0.09215236,2.445419,-0.2022124, -0.004988551
0.0076755,-3.083923,2.17099,0.02566922,-0.08837092,2.3936,-0.1995855, -0.01123834
0.0109198,-3.229584,2.188004,0.02656519,-0.09391737,2.40564,-0.1977442, -0.01188183
0.0104697,-3.320007,2.222458,0.02648365,-0.09023345,2.385513,-0.1985841, -0.01219845
0.0110306,-3.45755,2.164597,0.0268178,-0.09195149,2.389084,-0.1985731, -0.01536071
0.0110647,-3.667816,2.076752,0.02758777,-0.09608424,2.518204,-0.1972132, -0.006387234
0.0113358,-3.858917,2.241638,0.0533514,-0.1079233,2.371567,-0.1856207, -0.02411175
0.0109519,-3.972748,2.006134,0.04898632,-0.1340224,2.307236,-0.1805968, -0.0331887
0.0110027,-4.013184,1.961121,0.05517006,-0.1414642,1.931671,-0.171725, -0.0482049
0.0117559,-4.082672,2.135651,0.08725286,-0.1834587,1.980392,-0.15158, -0.08792007
0.0105786,-4.042908,2.106049,0.09702539,-0.2111646,1.845734,-0.1500563, -0.10647
0.0113232,-4.029907,2.208542,0.101265,-0.2346283,1.899658,-0.1486506, -0.1231841
0.0112788,-4.081116,2.205322,0.07646251,-0.2707874,1.87265,-0.1640517, -0.1472194
0.0187911,-4.122131,2.161133,0.03950059,-0.3066115,1.833389,-0.1962597, -0.1754345
0.0079061,-4.202637,2.140533,0.02001262,-0.3152182,1.690201,-0.2166204, -0.1926889
0.0081512,-4.181305,0,0.005897403,-0.3447837,1.46611,-0.2455071, -0.2030166
0.0093397,-4.113403,0,INVALID,INVALID,4.252884,-0.198495, -0.4262146
0.0110387,-4.024078,0,INVALID,INVALID,0,INVALID, INVALID
0.0109829,-3.863525,0,INVALID,INVALID,0,INVALID, INVALID
0.0110375,-3.735779,0,INVALID,INVALID,0,INVALID, INVALID
0.0110413,-3.716125,0,INVALID,INVALID,0,INVALID, INVALID
0.0109842,-3.658142,0,INVALID,INVALID,0,INVALID, INVALID
0.0110313,-3.497375,0,INVALID,INVALID,0,INVALID, INVALID
0.012549,-3.290771,0,INVALID,INVALID,0,INVALID, INVALID
0.0096799,-2.961365,0,INVALID,INVALID,0,INVALID, INVALID
0.0116177,-2.64624,0,INVALID,INVALID,0,INVALID, INVALID
0.011029,-2.39621,0,INVALID,INVALID,0,INVALID, INVALID
0.0210805,-2.14389,0,INVALID,INVALID,0,INVALID, INVALID
0.0081797,-1.925781,0,0.6425312,0.7962736,0,INVALID, INVALID
0.0085849,-1.740356,0,0.6742287,0.7846711,0,INVALID, INVALID
0.0079194,-1.561279,0,INVALID,INVALID,0,INVALID, INVALID
0.0075927,-1.343719,0,INVALID,INVALID,0,INVALID, INVALID
0.0111401,-1.035126,0,INVALID,INVALID,0,-0.7126659, -0.856528
0.010899,-0.6413269,0,INVALID,INVALID,0,-0.6349205, -0.8159076
0.0115353,-0.2301025,0,INVALID,INVALID,0,-0.5618044, -0.7892108
0.0109051,0.2481244,0,INVALID,INVALID,0,INVALID, INVALID
0.011009,0.719878,0,INVALID,INVALID,0,INVALID, INVALID
0.0107749,1.250463,0,INVALID,INVALID,0,INVALID, INVALID
0.0112233,1.926802,0,0.8600072,0.5882779,0,INVALID, INVALID
0.0117823,2.593997,0,0.8529266,0.5808749,0,-0.6896222, -0.8486626
0.0145525,3.149358,0,INVALID,INVALID,0,INVALID, INVALID
0.0184818,3.697365,0,INVALID,INVALID,0,INVALID, INVALID
0.0081607,4.21895,0,INVALID,INVALID,0,INVALID, INVALID
0.0078279,4.680624,0,INVALID,INVALID,0,INVALID, INVALID
0.0082366,5.224281,0,INVALID,INVALID,0,INVALID, INVALID
0.0087583,5.728912,0,0.8571271,0.4871634,0,INVALID, INVALID
0.0111815,6.219182,0,0.8464869,0.504017,0,INVALID, INVALID
0.0116236,6.753405,0,0.6775264,0.6627852,0,INVALID, INVALID
0.0105154,7.278167,0,0.7620066,0.5834011,0,INVALID, INVALID
0.011193,7.784116,0,0.8464869,0.518219,0,INVALID, INVALID
0.0126315,8.192145,0,0.8464869,0.5068151,0,INVALID, INVALID
0.0095756,8.443466,0,INVALID,INVALID,0,INVALID, INVALID
0.0110463,8.644011,0,INVALID,INVALID,0,INVALID, INVALID
0.0116267,8.876509,0,0.8537881,0.504017,0,INVALID, INVALID
0.0107349,9.095688,0,0.8723919,0.4887009,0,INVALID, INVALID
0.0178844,9.317337,0,0.2997398,0.8788055,0,INVALID, INVALID
0.0112141,9.476243,0,0.2887673,0.875885,0,INVALID, INVALID
0.008601,9.561856,0,INVALID,INVALID,0,INVALID, INVALID
0.0084865,9.655472,0,0.9091676,0.4502122,0,INVALID, INVALID
0.0094124,9.711268,0,0.9036453,0.4473472,0,INVALID, INVALID
0.0113522,9.714282,0,INVALID,INVALID,0,INVALID, INVALID
0.0111753,9.752999,0,INVALID,INVALID,0,INVALID, INVALID
0.0105502,9.836719,0,0.9036453,0.4473472,0,INVALID, INVALID
0.0115338,9.954076,0,0.872674,0.4575458,0,INVALID, INVALID
0.0106786,10.13661,0,0.9036453,0.4553645,0,INVALID, INVALID
0.0109484,10.33503,0,0.9036453,0.4473472,0,INVALID, INVALID
0.0116043,10.50703,0,0.8907341,0.4513558,0,INVALID, INVALID
0.0112255,10.64114,0,0.8778229,0.4473472,0,INVALID, INVALID
0.0111323,10.80419,0,0.8778229,0.4553645,0,INVALID, INVALID
0.0182335,10.92239,0,0.8702785,0.4553645,0,INVALID, INVALID
0.007726,10.91457,0,0.8740506,0.4548256,0,INVALID, INVALID
0.0074229,10.90473,0,0.8778229,0.4542869,0,INVALID, INVALID
0.0105669,10.8906,0,0.8702785,0.4553645,0,INVALID, INVALID
0.0108329,10.84381,0,0.8702785,0.4542869,0,INVALID, INVALID
0.0111296,10.75651,0,0.8778229,0.4542869,0,INVALID, INVALID
0.011218,10.6664,0,0.8778229,0.4523631,0,INVALID, INVALID
0.0111585,10.60513,0,0.8702785,0.4542869,0,INVALID, INVALID
0.0113691,10.58275,0,0.8896518,0.4523631,0,INVALID, INVALID
0.0109638,10.58545,0,0.8896518,0.4523631,0,INVALID, INVALID
0.0108874,10.55807,0,0.8807718,0.4451961,0,INVALID, INVALID
0.0118198,10.53884,0,0.8896518,0.4298317,0,INVALID, INVALID
0.0106494,10.53693,0,0.8896518,0.4298317,0,INVALID, INVALID
0.0112556,10.53117,0,0.8807718,0.4378713,0,INVALID, INVALID
0.0188822,10.56956,0,0.8772976,0.4378713,0,INVALID, INVALID
0.0078415,10.63168,0,0.8772976,0.4378713,0,INVALID, INVALID
0.0069894,10.655,0,0.8772976,0.4378713,0,INVALID, INVALID
0.0106876,10.64265,0,0.8768941,0.4378713,0,INVALID, INVALID
0.0111182,10.65751,0,0.8768941,0.4355187,0,INVALID, INVALID
0.0109013,10.71135,0,0.8758801,0.4355187,0,INVALID, INVALID
0.0113719,10.7399,0,0.8723035,0.4395809,0,INVALID, INVALID
0.0115545,10.76177,0,0.3638909,0.835106,0,INVALID, INVALID
0.011092,10.75097,0,0.3683017,0.8179893,0,INVALID, INVALID
0.0118253,10.68114,0,0.8417414,0.4563603,0,INVALID, INVALID
0.0110014,10.63035,0,0.8589624,0.4398698,0,INVALID, INVALID
0.0109367,10.58527,0,0.8724159,0.4418749,0,INVALID, INVALID
0.0116071,10.50717,0,0.8724159,0.4418749,0,INVALID, INVALID
0.0116713,10.44813,0,INVALID,INVALID,0,INVALID, INVALID
0.0186731,10.40733,0,0.8668497,0.4426048,0,INVALID, INVALID
0.0077506,10.39366,0,0.8645157,0.4418749,0,INVALID, INVALID
0.0079527,10.40783,0,0.8628994,0.4426048,0,INVALID, INVALID
0.0102776,10.41824,0,0.8645157,0.4418749,0,INVALID, INVALID
0.0110872,10.43518,0,0.8645157,0.4418749,0,INVALID, INVALID
0.0113596,10.42356,0,0.8628994,0.4392893,0,INVALID, INVALID
0.0106214,10.42382,0,0.8612833,0.4367036,0,INVALID, INVALID
0.0114067,10.05342,0,INVALID,INVALID,0,INVALID, INVALID
0.0108835,9.643033,0,0.85843,0.4392893,0,INVALID, INVALID
0.0109384,9.524627,0,INVALID,INVALID,0,INVALID, INVALID
0.0112915,9.415926,0,INVALID,INVALID,0,INVALID, INVALID
0.0113227,9.417916,0,INVALID,INVALID,0,INVALID, INVALID
0.0110781,9.448593,0,0.8612833,0.4367036,0,INVALID, INVALID
0.0116053,9.502978,0,INVALID,INVALID,0,INVALID, INVALID
0.0178871,9.540668,0,INVALID,INVALID,0,INVALID, INVALID
0.0081159,9.538315,0,0.1753588,0.8849773,0,INVALID, INVALID
0.0077003,9.546345,0,0.2494372,0.8673912,0,INVALID, INVALID
0.0097896,9.558552,0,0.8782532,0.4052096,0,INVALID, INVALID
0.0113549,9.549897,0,0.8734872,0.4173619,0,INVALID, INVALID
0.0114388,9.555451,0,0.8755655,0.4140755,0,INVALID, INVALID
0.0112553,9.580635,0,0.8734872,0.4173619,0,INVALID, INVALID
0.0109504,9.589663,0,0.8650557,0.422282,0,INVALID, INVALID
0.0116065,9.590425,0,0.8714088,0.4206483,0,INVALID, INVALID
0.0111356,9.56145,0,INVALID,INVALID,0,INVALID, INVALID
0.0104457,9.477203,0,0.8734872,0.4173619,0,INVALID, INVALID
0.0119469,9.391113,0,0.8714088,0.4140755,0,INVALID, INVALID
0.0105595,9.321626,0,0.8692081,0.4173619,0,INVALID, INVALID
0.0113269,9.272832,0,INVALID,INVALID,0,INVALID, INVALID
0.0175792,9.235395,0,INVALID,INVALID,0,INVALID, INVALID
0.0085921,9.178393,0,0.8714088,0.4140755,0,INVALID, INVALID
0.0070122,9.143376,0,0.8728086,0.4132074,0,INVALID, INVALID
0.0107225,9.140144,0,0.8742081,0.4140755,0,INVALID, INVALID
0.0222309,9.146137,0,0.8714088,0.4151207,0,INVALID, INVALID
0.0122771,9.168858,0,0.8742081,0.4123393,0,INVALID, INVALID
0.0075589,9.168028,0,0.8670073,0.4151207,0,INVALID, INVALID
0.0111843,9.09709,0,0.8742081,0.4123393,0,-0.5054873, -0.8422164
0.0109543,8.99171,0,0.8850676,0.411182,0,INVALID, INVALID
0.0123388,8.920468,0,0.880175,0.4123393,0,INVALID, INVALID