Time, Head Rotation, Left Pupil Size, Left Pupil Position X, Left Pupil Position Y, Right Pupil Size, Right Pupil Position X, Right Pupil Position Y, Direction X, Direction Y
0,-10.51456,0,INVALID,INVALID,0,INVALID, INVALID,INVALID,INVALID
0.02,-10.51459,0,INVALID,INVALID,0,0.8783914, 0.4348804,INVALID,INVALID
0.04,-10.47989,2.431274,0.04424357,-0.0003077984,2.016556,-0.2637808, -0.01230574,INVALID,INVALID
0.3733333,-1.338684,0,INVALID,INVALID,0,INVALID, INVALID,INVALID,INVALID
0.4221294,-0.1409607,0,INVALID,INVALID,0,INVALID, INVALID,INVALID,INVALID
0.4368736,-0.119873,0,INVALID,INVALID,0,INVALID, INVALID,INVALID,INVALID
0.4433394,-0.1140442,0,INVALID,INVALID,2.296494,-0.2257769, -0.006508231,INVALID,INVALID
0.4545756,-0.110199,0,0.06159568,-0.06258869,2.957413,-0.2324203, 0.009267092,INVALID,INVALID
0.4655548,-0.1049805,3.068176,0.07217038,-0.04345119,2.643097,-0.238396, 0.01482254,INVALID,INVALID
0.4769143,-0.09909058,3.395004,0.07676792,-0.05838501,2.414032,-0.2361923, -0.003429174,INVALID,INVALID
0.4877488,-0.09362793,3.396194,0.078457,-0.06110585,3.416946,-0.2354478, -0.01350498,INVALID,INVALID
0.4999005,-0.08599854,3.225662,0.08324921,-0.08215868,3.485443,-0.2412145, -0.02871501,INVALID,INVALID
0.5105279,-0.07839966,3.574722,0.08462477,-0.08421767,3.555832,-0.2337589, -0.04117644,-2.330618,-10.18372
0.5212317,-0.07067871,3.182526,0.09216154,-0.09630978,3.44278,-0.2348837, -0.04833043,-2.814525,-10.791
0.5323949,-0.05944824,3.413208,0.08849812,-0.08202159,3.561188,-0.2325472, -0.04874206,-1.538878,-11.97809
0.5434089,-0.05212402,3.504578,0.08545709,-0.07919347,3.585129,-0.2353925, -0.04920423,-1.527519,-11.15429
0.5545895,-0.04702759,3.506531,0.08584452,-0.080598,3.473434,-0.2348895, -0.05671883,-1.0772,-10.68688
0.5657266,-0.04205322,3.520645,0.08835721,-0.07872784,3.419479,-0.2361065, -0.05932736,-0.4311472,-10.36673
0.5766661,-0.03961182,3.553223,0.09259999,-0.08013499,3.438293,-0.2328026, -0.06041288,-0.1897456,-10.41293
0.5882545,-0.03704834,3.499863,0.0899055,-0.07465756,3.562668,-0.231245, -0.05570233,-1.210146,-9.086792
0.599127,-0.03591919,3.46553,0.09523165,-0.07396078,3.473801,-0.2282526, -0.0583514,-0.9285166,-9.389628
0.6099279,-0.03659058,3.446899,0.09685946,-0.07376623,3.501221,-0.2256665, -0.05425107,-0.633656,-9.279766
0.6210248,-0.03488159,3.536087,0.09532535,-0.0708822,3.509369,-0.2260568, -0.05435145,-1.074654,-9.080626
0.6360748,-0.03198242,3.504776,0.09149837,-0.06679571,3.5383,-0.2257053, -0.05290365,-1.113994,-8.448036
0.6530104,-0.1293335,3.553177,0.09700787,-0.07348394,3.529282,-0.2255784, -0.05376077,-0.3090104,-9.086748
0.6658615,-0.2459106,3.46904,0.09373367,-0.07263708,3.525238,-0.2258127, -0.05373871,-0.6801254,-9.035355
0.6767748,-0.2455444,3.579544,0.09222758,-0.06888127,3.467209,-0.2257977, -0.05539334,-0.8182884,-8.985025
0.6875762,-0.2897949,3.515366,0.09542608,-0.06723011,3.571091,-0.2289466, -0.05045187,-0.7124436,-8.823832
0.6986964,-0.3911743,3.57901,0.09354198,-0.06464231,3.489777,-0.2262371, -0.05305421,-0.6994157,-8.821294
0.7097292,-0.472229,3.53331,0.09268987,-0.06305921,3.533325,-0.2251232, -0.05285954,-0.6915378,-8.727422
0.7207156,-0.5374756,3.606552,0.09091997,-0.06349707,3.533951,-0.2270053, -0.05146945,-1.148929,-8.650471
0.7318046,-0.4876099,3.641861,0.09000504,-0.06247437,3.577576,-0.2277737, -0.05027425,-1.350747,-8.408239
0.7430838,-0.4927979,3.586609,0.09043133,-0.06349707,3.551102,-0.2270053, -0.05021584,-1.231147,-8.498378
0.7538199,-0.4346008,3.607391,0.08933163,-0.06431234,3.553024,-0.2270053, -0.05039072,-1.350747,-8.635494
0.7650449,-0.412262,3.533478,0.09332669,-0.06446612,3.543304,-0.2277737, -0.05050731,-1.006194,-8.72839
0.7761399,-0.3996277,3.596664,0.09157073,-0.06139994,3.54631,-0.2277809, -0.05039072,-1.198773,-8.408357
0.7872685,-0.387146,3.528366,0.08921111,-0.06129491,3.547989,-0.2279743, -0.05040085,-1.300105,-8.654965
0.7985352,-0.3905029,3.626495,0.08928454,-0.05805933,3.550018,-0.2281606, -0.05029428,-1.297393,-8.267833
0.8095661,-0.3811951,3.611557,0.0873419,-0.05812144,3.558502,-0.2281813, -0.05028427,-1.466337,-8.256259
0.8205456,-0.3706055,3.530411,0.09066677,-0.06302536,3.557114,-0.2283556, -0.05027425,-1.005415,-8.871702
0.8319408,-0.3521423,3.42131,0.08577585,-0.07023501,3.558441,-0.2284909, -0.05015743,-1.488195,-9.186883
0.8430369,-0.3085938,3.558075,0.08880556,-0.06154406,3.55455,-0.2284909, -0.05007827,-1.370879,-8.49225
0.8540545,-0.2627869,3.621841,0.1111712,-0.04093838,3.461273,-0.2022067, -0.03626251,1.363866,-6.979097
0.8656455,-0.2297058,3.511658,0.150965,-0.0357635,3.464691,-0.1866002, -0.0188477,3.141927,-6.53975
0.8764359,-0.1903381,3.616074,0.142229,-0.0137527,3.481918,-0.1822836, -0.003899932,2.982685,-5.305703
0.8872498,-0.1456299,3.676559,0.1416279,0.001006722,3.508972,-0.1866087, 0.006427944,2.696387,-4.629905
0.8991262,-0.1127319,3.590485,0.1456473,-0.001072884,3.480469,-0.1872041, 0.00930804,2.606243,-4.134507
0.9097032,-0.05679321,3.567062,0.1400688,-0.004441619,3.504333,-0.1860355, 0.0104382,2.81536,-3.937262
0.9209146,-0.009857178,3.692169,0.1427306,0.0002032518,3.501694,-0.187183, 0.01168895,2.937983,-3.440597
0.9319793,0.04779911,3.55925,0.1444222,-0.002609849,3.50499,-0.1872041, 0.01156843,3.626282,-3.302212
0.9431637,0.1031176,3.625107,0.1435696,-0.005280972,3.46167,-0.1914594, 0.01032174,3.326725,-3.420451
0.9539485,0.160653,3.615494,0.1371046,-0.01080465,3.508301,-0.192298, 0.006726921,2.535281,-4.139809
0.9654764,0.2066349,3.497452,0.1395453,-0.01043034,3.459885,-0.1906993, 0.007324517,2.950217,-3.918066
0.9763593,0.2662075,3.694809,0.1434137,-0.009763837,3.451706,-0.1903877, 0.006731093,3.439687,-3.688492
0.9875316,0.3244322,3.557266,0.1361855,-0.008265734,3.53389,-0.1929649, 0.00848341,2.31824,-3.809355
0.9986806,0.3712723,3.688492,0.141117,-0.00703311,3.534256,-0.1914945, 0.0100252,3.044783,-3.605217
1.009757,0.4335431,3.607773,0.1407329,-0.007114172,3.508865,-0.1912065, 0.009380937,3.254016,-3.698088
1.02071,0.4879389,3.716751,0.1408921,-0.008220196,3.523956,-0.1912065, 0.007354677,3.532525,-3.759423
1.032157,0.5442085,3.702896,0.1442904,-0.01015604,3.520889,-0.1909184, 0.005972624,3.901388,-3.932932
1.043199,0.6032035,3.728577,0.1407938,-0.009292364,3.519058,-0.1912065, 0.006204903,3.504478,-3.677913
1.054343,0.6391504,3.723328,0.1403434,-0.008507729,3.472641,-0.1893669, 0.004641116,3.528199,-3.22519
1.065492,0.6736392,3.712997,0.1434836,-0.01181042,3.470627,-0.1886496, 0.003944159,4.06876,-3.649963
1.076399,0.6817355,3.716187,0.1406813,-0.01141191,3.474304,-0.1893669, 0.003247201,3.657787,-3.609614
1.087554,0.7014317,3.551514,0.124238,-0.01114976,3.535873,-0.2055926, 0.00935328,1.40249,-4.038954
1.098695,0.7246047,3.462204,0.1102751,-0.00379169,3.451889,-0.2160222, 0.008226693,-0.08156469,-3.882974
1.10976,0.7566077,3.533157,0.1060359,-0.0008189678,3.481064,-0.2203317, 0.01324141,-0.5595313,-3.231255
1.120999,0.7982225,3.500595,0.1060704,-0.001053333,3.537598,-0.2223408, 0.009621799,-0.892629,-3.640294
1.131879,0.8574955,3.531525,0.105455,-0.006596684,3.497726,-0.2214546, 0.01111525,-0.7613045,-3.497488
1.143012,0.9207006,3.494324,0.1053052,-0.006811976,3.502167,-0.2214546, 0.01031542,-0.7449358,-3.732293
1.155845,0.9718913,3.397873,0.1085576,-0.0009965897,3.505264,-0.2213333, 0.01065201,-0.6504185,-3.607932
1.166961,1.031921,3.48967,0.103844,0.006286919,3.508453,-0.2212121, 0.01098853,-0.7947544,-3.302212
1.178711,1.089189,3.55011,0.1096747,-0.003587365,3.470428,-0.2209604, 0.015643,-0.2873554,-3.637604
1.190014,1.151504,3.503677,0.1051917,0.003342867,3.483231,-0.2210404, 0.0161618,-0.5885065,-3.159449
1.201431,1.202854,3.468689,0.1051041,0.005931795,3.479004,-0.2210404, 0.01604056,-0.7954926,-3.283722
1.213152,1.280628,3.50853,0.1065457,0.009845197,3.469833,-0.2211204, 0.01643813,-0.8096339,-3.085086
1.224007,1.341438,3.489838,0.1071907,0.01049531,3.476303,-0.2210404, 0.01619112,-0.842791,-3.233011
1.235466,1.40812,3.468765,0.10683,0.009657145,3.461533,-0.2208804, 0.01579356,-0.7815963,-3.29515
1.24688,1.460452,3.475708,0.1071143,0.009469151,3.465622,-0.2208005, 0.01594406,-0.7815963,-3.251428
1.258548,1.501204,3.524338,0.1050026,0.00562495,3.46315,-0.2207596, 0.01619112,-0.7035998,-3.11395
1.269793,1.523593,3.532974,0.1027161,0.009867191,3.468414,-0.2206927, 0.01579356,-0.717643,-2.721748
1.281187,1.554657,3.511169,0.09946001,0.004797816,3.469208,-0.2207189, 0.015643,-0.9240804,-3.090285
1.292257,1.600897,3.493362,0.1033711,0.003904879,3.473053,-0.2207596, 0.0156042,-0.5602303,-3.040408
1.303321,1.637632,3.475128,0.09972799,0.006344378,3.484482,-0.2208005, 0.01554322,-0.8086666,-2.780378
1.314757,1.690613,3.608383,0.1017079,0.005091786,3.484909,-0.2208005, 0.01544738,-0.4921804,-2.681537
1.325868,1.747663,3.457214,0.1024597,0.004245698,3.487015,-0.2209063, 0.01494873,-0.3471792,-2.720021
1.33671,1.798656,3.463577,0.11589,0.004571617,3.546448,-0.2120348, 0.01895738,0.6661724,-2.9817
1.348207,1.852597,3.658783,0.1445634,0.01731181,3.612198,-0.1818062, 0.02836835,3.808532,-1.275642
1.358944,1.8983,3.760284,0.1855148,0.02684051,3.490982,-0.1515248, 0.03535599,5.472532,-2.402326
1.370686,1.958037,3.852997,0.2455096,0.04626739,3.292267,-0.09225869, 0.05084276,9.40218,-1.461123
1.381406,2.009619,3.610672,0.2770752,0.04421663,3.218323,-0.06979781, 0.05315185,12.86425,-0.7543329
1.392257,2.071231,3.578339,0.2934092,0.04832059,3.099503,-0.05264878, 0.05074906,14.36565,-0.6626383
1.403301,2.114917,3.709824,0.3088875,0.05238831,3.156052,-0.05009216, 0.05098265,16.50264,0.873349
1.414811,2.157879,3.728943,0.2988667,0.05035257,3.099731,-0.04614234, 0.04461318,15.10882,-0.6957693
1.425489,2.192193,3.571503,0.3042489,0.04771727,3.128174,-0.04689509, 0.04937178,12.89486,-2.196687
1.436681,2.202218,3.565109,0.3008444,0.04642403,3.152573,-0.0449779, 0.04764086,13.54149,-1.955247
1.447919,2.213161,3.664337,0.3097512,0.04594058,2.889969,-0.04019898, 0.04779327,13.07702,-2.348104
1.459229,2.201264,3.578003,0.3262315,0.03956991,3.016342,-0.02261764, 0.04360169,15.21399,-2.089097
1.470244,2.210624,3.485657,0.3711886,0.04474044,2.648743,0.01856768, 0.04185897,15.86728,-3.637658
1.481272,2.214857,3.583237,0.3891683,0.03455848,2.392563,0.03369355, 0.0349611,15.52761,-5.511178
1.492178,2.236118,3.792755,0.4165967,0.02490252,2.684204,0.03705323, 0.0330047,16.48714,-5.150238
1.503336,2.251236,4.030792,0.4201633,0.02787262,2.662308,0.03811991, 0.03650784,16.4937,-4.621181
1.514604,2.28172,3.920074,0.4247671,0.03380919,2.647736,0.03642619, 0.03865033,16.02641,-4.699238
1.526139,2.321213,3.958679,0.4140902,0.03362215,2.719803,0.03746867, 0.03907174,17.12736,-4.323909
1.5368,2.364247,4.089127,0.411043,0.03454036,2.946426,0.03513205, 0.04260206,18.14756,-3.401164
1.548248,2.413369,4.037766,0.4092981,0.03947848,2.998901,0.03382516, 0.04538709,18.21215,-2.908249
1.559312,2.461611,3.735535,0.3967483,0.04270291,2.973419,0.03301883, 0.04709089,18.06021,-2.645601
1.570466,2.520489,3.820786,0.4041623,0.03922713,2.950867,0.03317428, 0.0454523,18.13107,-2.962533
1.581464,2.572966,4.057892,0.4092981,0.03897589,2.9543,0.03317523, 0.04538709,18.06376,-3.017594
1.59232,2.621042,4.020782,0.4085994,0.03688139,2.944824,0.03319407, 0.0454523,18.13929,-2.950217
1.603361,2.690176,4.039597,0.4094207,0.03546762,2.94899,0.03319407, 0.04503661,18.17153,-2.824176
1.614555,2.752379,4.058731,0.4095436,0.03614825,2.947113,0.03321302, 0.04468614,18.08693,-2.73924
1.626154,2.83184,4.032639,0.4095187,0.03682798,2.941833,0.03319407, 0.04441375,18.07853,-2.898608
1.637106,2.902102,3.984222,0.4093959,0.03682798,2.939102,0.03335512, 0.04400271,18.11996,-2.980846
1.648036,2.967222,3.993027,0.4094937,0.03621536,2.937637,0.03349721, 0.04386389,18.77996,-2.669245
1.659565,2.990682,3.993454,0.4095187,0.03618181,2.931641,0.03350914, 0.04400271,18.72086,-2.629869
1.670244,3.009521,4.037811,0.409729,0.03496706,2.906754,0.03352118, 0.04318786,18.31053,-3.053514
1.681675,2.996107,4.029846,0.4105401,0.034787,2.906021,0.03374827, 0.04304457,18.04634,-3.080641
1.692299,2.997312,4.026245,0.4122227,0.03427988,2.897781,0.03463745, 0.04292953,18.11813,-3.054412
1.703175,3.005575,3.715607,0.4487214,0.02258301,2.771713,0.05580378, 0.03013414,18.05561,-5.101156
1.714522,3.005553,3.078903,0.4718546,0.01720047,2.668045,0.0654037, 0.02685654,18.1549,-5.690372
1.726029,3.014137,4.063232,0.4499469,0.03195375,2.599854,0.06641293, 0.02277315,18.15962,-6.156287
1.736853,3.015251,3.502457,0.4631591,0.02380633,2.986176,0.06485105, 0.02217722,20.23051,-4.74483
1.748024,3.014714,3.416611,0.4785309,0.01053351,2.701431,0.06499541, 0.02251363,18.48383,-5.636803
1.759176,3.015042,3.446793,0.4776993,0.01074445,2.384857,0.06418073, 0.02204603,16.53286,-6.761612
1.770227,3.013893,3.454178,0.4776993,0.01284331,2.46524,0.06418073, 0.02201951,16.92636,-6.525732
1.780684,3.029799,3.456818,0.4785309,0.01179391,2.5177,0.06451321, 0.0220328,17.22892,-6.356719
1.792057,3.061489,3.455215,0.4793624,0.01074445,2.473145,0.06418073, 0.02204603,17.01857,-6.499295
1.803564,3.114104,3.473297,0.4793624,0.01074445,2.483032,0.06450403, 0.02216554,18.84075,-6.092008
1.814343,3.171515,3.445206,0.4795024,0.01155013,2.477997,0.06434238, 0.02210581,21.45324,-5.504133
1.825242,3.216833,3.467834,0.4793624,0.01074445,2.474594,0.06418073, 0.02216554,21.89277,-5.443594
1.836879,3.263667,3.469543,0.4793624,0.01037699,2.473755,0.06418073, 0.02228957,22.52616,-5.352219
1.848735,3.306099,3.470245,0.4789875,0.01017618,2.46994,0.06423235, 0.02222753,22.35967,-5.353061
1.858304,3.338473,3.471375,0.4786127,0.01037699,2.473343,0.06428409, 0.02216554,22.23689,-5.347824
1.869931,3.369905,3.484818,0.4795529,0.01037699,2.473358,0.06450403, 0.02216554,21.98688,-5.382958
1.881285,3.390957,3.499512,0.4796425,0.01037699,2.474716,0.06452787, 0.02228957,23.06979,-5.144147
1.892138,3.410518,3.526993,0.4795529,0.01037699,2.490555,0.06452787, 0.02235383,23.0192,-5.047564
1.902931,3.426181,3.552063,0.4795529,0.01037699,2.491531,0.06520391, 0.02235383,22.90629,-5.023909
1.914453,3.441683,3.695236,0.4795529,0.01037699,2.522293,0.06527543, 0.02277756,18.75871,-5.877566
1.925168,3.437326,3.709183,0.4795529,0.01037699,2.544128,0.06527543, 0.02277756,18.29487,-5.971596
1.936514,3.430651,3.713272,0.4795529,0.01037699,2.607971,0.06568491, 0.02277756,17.85162,-5.948771
1.947278,3.408822,3.720078,0.4814308,0.01037699,2.903366,0.06666636, 0.02277756,19.48053,-5.192483
1.958509,3.37574,3.723938,0.4815825,0.01233423,2.909576,0.06687605, 0.02275956,19.45158,-5.1529
1.970039,3.345161,3.736649,0.4817973,0.01304835,2.908218,0.06734288, 0.02277756,19.50809,-5.139727
1.982242,3.313729,3.717957,0.4822938,0.01315415,2.910004,0.06755078, 0.02378875,19.53864,-4.965937
1.992312,3.278183,3.695511,0.4828943,0.01315415,2.909119,0.06806338, 0.02378875,19.69186,-4.943992
2.002683,3.264228,3.651688,0.483831,0.01136184,2.911057,0.070333, 0.02378875,20.21288,-4.889644
2.013906,3.244725,3.616745,0.4854486,0.007628024,2.899017,0.07083988, 0.02378875,20.06189,-4.986135
2.024861,3.20971,3.599594,0.4871953,0.005575955,2.879883,0.07094622, 0.02378875,20.33763,-4.906243
2.035993,3.198409,3.624756,0.4871953,0.007628024,2.799805,0.07208323, 0.02320421,19.69836,-5.144985
2.047257,3.181232,3.597565,0.4871953,0.007628024,2.779144,0.07208323, 0.02320421,19.42944,-5.181869
2.058521,3.167275,3.570465,0.4888904,0.005575955,2.759811,0.07208323, 0.02353835,19.80718,-5.26615
2.069438,3.15481,3.590866,0.4871953,0.007628024,2.759781,0.07171226, 0.02378875,19.71346,-5.203829
2.080632,3.153827,3.597412,0.4871953,0.007628024,2.75972,0.07171226, 0.02392364,19.17661,-5.253036
2.091549,3.143893,3.603134,0.4871953,0.007628024,2.757996,0.0719837, 0.02401716,19.14584,-5.246803
2.102659,3.154381,3.52977,0.4915149,-0.001346469,2.796112,0.07089579, 0.02357954,19.57603,-5.445322
2.113905,3.174665,3.581116,0.5033094,0.01071429,2.984467,0.08396733, 0.02538407,21.87476,-4.415082
2.124993,3.201102,2.530457,0.5341817,-0.0007190704,2.988037,0.0976615, 0.02496773,23.37783,-4.131001
2.136224,3.239428,2.929413,0.5880262,-0.01539767,2.567673,0.1078651, 0.02787918,20.07795,-5.789736
2.147733,3.270094,2.724442,0.5980535,-0.02912295,3.455002,0.1115639, 0.02688444,29.21297,-1.593113
2.158706,3.306981,3.428726,0.5630851,0.02610964,3.453445,0.1114724, 0.02800292,28.94388,-1.496979
2.169668,3.33611,3.427078,0.5630851,0.02461898,3.250229,0.1114724, 0.02763861,26.59111,-2.748942
2.18086,3.372736,3.34079,0.5603693,0.02111268,3.057373,0.1115639, 0.02688444,24.53353,-3.911063
2.191947,3.395529,3.440933,0.5630851,0.02101827,3.03183,0.1117176, 0.02680999,24.27336,-3.995177
2.203002,3.421814,2.485382,0.5043983,0.02526736,3.006241,0.1120671, 0.02680999,23.90285,-4.043413
2.21447,3.44469,2.631256,0.5172772,-0.0006338358,3.001785,0.1118712, 0.02673548,23.79289,-4.044236
2.225399,3.457438,2.662506,0.5542029,-0.00646174,2.99823,0.1120671, 0.02680999,23.74988,-4.122221
2.236275,3.470027,2.676849,0.5542029,-0.00646174,2.995895,0.1124043, 0.02680999,23.81223,-4.117086
2.247447,3.468239,2.63533,0.5172772,-0.0006338358,3.001999,0.1124327, 0.02673548,23.82352,-4.040796
2.258931,3.473714,2.562622,0.5129325,-0.0002630949,2.997787,0.1124892, 0.02655166,23.82323,-4.161701
2.269557,3.469949,2.389099,0.5129325,0.00299257,3.005539,0.1129931, 0.02636778,23.99173,-4.08629
2.281064,3.484249,2.359985,0.5172772,0.005877376,3.002914,0.1130836, 0.02636778,24.00902,-4.083702
2.292159,3.48529,2.368515,0.5316837,0.00299257,3.001785,0.1131214, 0.02636778,24.0157,-4.08279
2.303415,3.47858,2.501205,0.550174,0.00299257,3.01944,0.1136972, 0.02653933,24.39045,-3.909311
2.314332,3.480982,2.457474,0.5542579,0.005877376,3.020706,0.1137145, 0.02653933,24.54817,-3.89355
2.325405,3.471365,2.449142,0.5544336,0.00299257,3.268356,0.1140873, 0.02653933,26.94758,-2.581719
2.336478,3.457689,2.538345,0.5546094,0.005877376,3.278534,0.1143236, 0.02653933,27.15958,-2.488135
2.347643,3.443657,2.504318,0.5542579,0.005877376,3.278381,0.1143236, 0.02641654,27.15949,-2.509987
2.358912,3.440459,2.408463,0.5460901,0.005877376,3.287125,0.1143236, 0.02653933,27.16071,-2.489865
2.369795,3.449935,2.539566,0.5542579,0.00880754,3.278946,0.1145926, 0.02653933,27.21445,-2.481123
2.380978,3.451188,2.581299,0.5546094,0.01413172,3.278534,0.1143236, 0.02653933,27.15958,-2.488135
2.392022,3.460834,2.620239,0.5834835,0.00880754,3.259949,0.1141847, 0.02653933,26.96601,-2.579064
2.402833,3.469162,2.579468,0.5885804,0.0002062917,3.190399,0.1131346, 0.02628416,26.17064,-2.994867
2.414149,3.481813,2.579468,0.5885804,0.0002062917,3.190399,0.1131346, 0.02628416,26.17064,-2.994867
2.427806,3.50247,2.579514,0.584834,0.005506337,3.192657,0.1131346, 0.02611601,26.10716,-3.001005
2.43615,3.511707,2.368881,0.5834835,0.0002062917,3.210007,0.1130649, 0.025572,26.03612,-3.200634
2.446934,3.526367,2.550934,0.5571271,0.005506337,3.209442,0.1130649, 0.025572,26.03428,-3.266326
2.458442,3.539133,2.550934,0.5571271,0.005506337,3.209412,0.1129577, 0.02601516,26.01196,-3.240088
2.46882,3.571447,2.682892,0.5688652,0.006859601,3.190781,0.1129577, 0.02585828,25.93806,-3.084198
2.480094,3.594606,2.659454,0.5688652,0.009549558,3.177414,0.1130649, 0.025572,25.9992,-3.276799
2.491244,3.618767,2.541458,0.5688652,0.009549558,3.187271,0.1130649, 0.025572,25.99536,-3.315407
2.502705,3.656409,2.452637,0.5571271,0.006859601,3.164642,0.1129577, 0.02585828,25.85928,-3.437067
2.513423,3.688515,2.567657,0.5571271,0.009139717,3.171692,0.1124249, 0.02585828,25.75454,-3.450201
2.524542,3.710995,2.689209,0.5571271,0.009549558,3.16452,0.1124249, 0.02585828,25.69336,-3.351293
2.535308,3.743946,2.80925,0.5548227,0.01030409,3.15535,0.1122997, 0.02585828,25.60004,-3.479978
2.546716,3.77112,2.778122,0.5548227,0.01030409,3.144669,0.1124249, 0.0259729,25.58473,-3.533467
2.557922,3.782888,2.786484,0.5548227,0.01297349,3.137192,0.1124249, 0.0259729,25.52335,-3.547458
2.568766,3.799344,2.787384,0.5521289,0.01425087,3.128906,0.1124735, 0.02601516,25.34066,-3.487004
2.580082,3.811173,2.869385,0.5253913,0.01517981,3.128906,0.1126496, 0.02615905,25.33207,-3.460796
2.590955,3.821519,3.062759,0.4981835,0.01561034,3.072098,0.1114147, 0.02594376,24.73744,-4.272143
2.602091,3.824228,3.941986,0.442492,0.0239315,2.986893,0.05713451, 0.03119421,19.73192,-4.779958
2.61477,3.82145,4.263077,0.3999062,0.02974081,2.82103,0.01510799, 0.04331392,16.30488,-3.628064
2.624644,3.818687,3.908005,0.3534354,0.03083551,2.964096,-0.02606583, 0.04232043,13.55128,-3.986393
2.635834,3.811594,3.700729,0.2662129,0.02823561,3.269165,-0.1050623, 0.03842241,13.30051,-1.942191
2.646614,3.807117,3.803848,0.2247995,0.02669764,3.412582,-0.1462491, 0.03817713,9.992807,-1.222373
2.657581,3.820407,3.53331,0.1882279,0.01766998,3.549469,-0.1835538, 0.02918887,6.226583,-3.717364
2.668698,3.834036,3.502335,0.1504931,0.02246767,3.572174,-0.2152258, 0.03102928,3.175272,-2.427774
2.679892,3.843617,3.624878,0.08275783,0.005650043,3.623871,-0.2761482, 0.02368027,-3.454568,-4.359861
2.691468,3.850516,3.642578,0.08349299,0.003050864,3.648911,-0.2816263, 0.02275312,-2.701608,-4.26774
2.702493,3.864047,3.700943,0.07255137,0.003217936,3.608307,-0.2796244, 0.01944625,-4.055648,-4.185352
2.713248,3.884861,3.617096,0.07469904,-0.0009503365,3.645523,-0.2776887, 0.0165537,-3.801482,-4.998457
2.72422,3.909114,3.637131,0.0743444,-0.00126195,3.598801,-0.27868, 0.01965392,-5.09493,-3.957453
2.735527,3.937604,3.60968,0.07421982,-0.001422405,3.610107,-0.2716222, 0.01965833,-4.140707,-3.833081
2.746872,3.962933,3.649658,0.07476306,-0.001350045,3.651993,-0.2708386, 0.01805329,-3.959184,-4.243209
2.757874,3.9995,3.601517,0.07301724,-0.001624942,3.597427,-0.2703422, 0.01866883,-3.609614,-4.479078
2.769252,4.038277,3.730042,0.07443857,-0.002703547,3.559677,-0.2702587, 0.01854604,-2.854785,-4.483449
2.780033,4.071692,3.668777,0.07127059,-0.001518726,3.590118,-0.2700104, 0.01830924,-3.55969,-4.287976
2.791244,4.099497,3.730835,0.06187797,-0.002570629,3.705673,-0.276033, 0.01625055,-4.03114,-4.54838
2.802547,4.116147,3.617615,0.0008565187,-0.00559628,3.64183,-0.3411143, 0.01439804,-10.2361,-4.695693
2.813692,4.118116,3.512726,-0.02980667,0.001389563,3.790726,-0.3759869, 0.01263773,-12.77906,-4.736028
2.825057,4.115561,3.407379,-0.05907172,-0.00198698,3.909897,-0.3971578, 0.013107,-15.00386,-3.719102
2.835731,4.101717,3.386261,-0.08575583,-0.001310825,3.801605,-0.4350585, 0.01089501,-17.9233,-4.513319
2.847279,4.096514,3.609055,-0.1002359,-0.003104448,3.919662,-0.4529207, 0.01289141,-20.1981,-4.053088
2.858338,4.107283,3.496887,-0.1195093,0.0009236336,3.864502,-0.4714703, 0.01023912,-21.60469,-3.798029
2.869871,4.112605,3.286102,-0.1589795,0.003048539,3.99205,-0.5269164, 0.005941212,-24.24948,-4.521211
2.880828,4.114668,3.110153,-0.177615,0.003695071,4.060791,-0.5529141, 0.009240866,-24.83182,-5.137973
2.892038,4.109285,2.947189,-0.1970436,0.004869461,4.119904,-0.5882961, 0.009545267,-25.10098,-5.850323
2.902952,4.087177,3.886658,-0.2377787,0.001342952,4.235764,-0.6539731, 0.01545906,-39.88134,-2.583538
2.914182,4.064504,3.610413,-0.2574652,-0.0004992485,4.129684,-0.682228, 0.01405501,-37.59343,-4.536996
2.925395,4.032668,2.817749,-0.2725261,0.007519364,4.252472,-0.7120697, 0.01248217,-30.99479,-6.615476
2.936881,4.009223,2.930191,-0.2926921,0.01489645,4.019943,-0.7507605, 0.0123654,-32.94069,-5.155599
2.947511,3.99403,2.932831,-0.3065837,0.01452249,3.919617,-0.7670971, 0.01740968,-34.30683,-5.238992
2.958652,3.976078,3.124573,-0.3236195,0.02277267,0,INVALID, INVALID,-36.96174,-3.509782
2.969819,3.97807,3.212555,-0.3269974,0.01625276,3.668152,-0.8774002, -0.1042262,-38.35629,-4.311616
2.980573,3.971964,2.684906,-0.3348654,0.01809955,2.623795,-0.8436418, -0.07715595,-33.82855,-5.907471
2.992231,3.971167,3.15303,-0.3486132,0.01384729,0,INVALID, INVALID,-40.31441,-3.807658
3.00272,3.982001,2.846634,-0.352854,0.01145536,0,INVALID, INVALID,-37.20474,-5.624482
3.014136,3.984284,2.780975,-0.3591736,0.01309741,0,INVALID, INVALID,-37.26163,-5.448775
3.025094,3.987344,3.333481,-0.3596627,0.00841707,0,INVALID, INVALID,-43.10735,-3.95478
3.035897,3.999637,3.45755,-0.3704247,0.005404234,0,INVALID, INVALID,-45.30929,-3.70248
3.047541,4.013829,3.283386,-0.3740311,0.001203597,0,INVALID, INVALID,-43.73249,-4.79665
3.058401,4.022513,2.852509,-0.3763932,0.001170635,0,INVALID, INVALID,-37.80012,-6.128135
3.069508,4.036856,2.834076,-0.3849176,-0.001661539,0,INVALID, INVALID,-39.66357,-6.192231
3.080892,4.040771,2.892746,-0.3889169,0.00311172,0,INVALID, INVALID,-40.04758,-5.134463
3.091521,4.037542,2.761398,-0.3922728,-0.009112597,0,INVALID, INVALID,-37.52506,-7.746053
3.102825,4.058739,2.862991,-0.3936598,-0.01022816,0,INVALID, INVALID,-39.62875,-7.086567
3.113936,4.074472,2.82579,-0.3903082,-0.006551623,0,INVALID, INVALID,-38.91355,-6.375198
3.124997,4.104445,3.03688,-0.3903859,-0.009939671,0,INVALID, INVALID,-40.54722,-6.580225
3.136218,4.144287,3.037186,-0.3879313,-0.0122596,0,INVALID, INVALID,-40.57431,-6.972095
3.147228,4.210198,2.661163,-0.3877937,-0.01011729,0,INVALID, INVALID,-36.45226,-7.870457
3.158269,4.279239,2.899841,-0.3894448,-0.009362221,0,INVALID, INVALID,-39.13084,-6.860184
3.169583,4.354931,2.923859,-0.3900245,-0.0113641,0,INVALID, INVALID,-39.6124,-7.073295
3.180689,4.43265,2.900543,-0.3884577,-0.01014984,0,INVALID, INVALID,-39.46857,-6.912989
3.191692,4.490853,3.074844,-0.3878441,-0.01521373,0,INVALID, INVALID,-41.69039,-6.830241
3.203054,4.526478,2.846817,-0.38587,-0.01937401,0,INVALID, INVALID,-38.43998,-8.036388
3.213908,4.543468,2.788025,-0.386487,-0.01881576,0,INVALID, INVALID,-37.55064,-8.225475
3.224864,4.516114,2.88826,-0.3883182,-0.01632333,0,INVALID, INVALID,-39.0049,-7.465558
3.236234,4.500311,3.123978,-0.3833736,-0.01648867,0,INVALID, INVALID,-41.24472,-6.628625
3.247284,4.477301,3.041229,-0.3802303,-0.01728773,0,INVALID, INVALID,-40.18049,-7.009079
3.258581,4.438446,3.274063,-0.3875847,-0.01907802,0,INVALID, INVALID,-43.84528,-6.44917
3.269316,4.401822,2.891983,-0.3840234,-0.017941,0,INVALID, INVALID,-39.12876,-7.717802
3.28086,4.356504,2.924194,-0.3784179,-0.00826633,0,INVALID, INVALID,-38.50917,-6.14478
3.291583,4.296113,2.960297,-0.3810577,-0.01414669,0,INVALID, INVALID,-40.16451,-7.062804
3.302701,4.227962,2.892197,-0.3751887,-0.01754045,0,INVALID, INVALID,-39.01853,-7.85018
3.31397,4.156367,2.889175,-0.3785009,-0.006755352,0,INVALID, INVALID,-38.63459,-5.908334
3.324925,4.071824,2.862778,-0.3871975,-0.01521671,0,INVALID, INVALID,-38.75589,-7.507051
3.335789,3.998632,2.85878,-0.3819634,-0.01323438,0,INVALID, INVALID,-38.15684,-7.411718
3.347268,3.94787,3.34053,-0.3867202,-0.02035797,0,INVALID, INVALID,-45.2943,-6.596952
3.358694,3.898503,2.772568,-0.3828632,-0.01806855,0,INVALID, INVALID,-38.1159,-8.326122
3.369622,3.848136,2.780991,-0.389942,-0.0211364,0,INVALID, INVALID,-38.48913,-8.931864
3.380365,3.802906,2.76236,-0.3890565,-0.01191258,0,INVALID, INVALID,-37.98829,-7.684288
3.39202,3.750516,3.230423,-0.3901334,-0.01339924,0,INVALID, INVALID,-45.14574,-5.801978
3.402608,3.688727,2.876114,-0.3838882,-0.009139657,0,INVALID, INVALID,-40.0553,-6.428827
3.414017,3.629824,3.064255,-0.3803099,-0.01339924,0,INVALID, INVALID,-41.84765,-6.810888
3.425092,3.568452,2.981003,-0.3825575,-0.01362622,0,INVALID, INVALID,-40.74224,-7.120039
3.435842,3.523796,2.851257,-0.3946734,-0.01601887,0,INVALID, INVALID,-39.29765,-7.659525
3.447021,3.492842,3.335114,-0.4010366,-0.02234972,0,INVALID, INVALID,-46.0789,-6.685833
3.458388,3.481982,2.931229,-0.4010488,-0.01438248,0,INVALID, INVALID,-39.82105,-7.328068
3.469359,3.491688,2.900742,-0.4080033,-0.01984096,0,INVALID, INVALID,-39.9313,-8.441036
3.480737,3.518921,2.871475,-0.4086285,-0.02114761,0,INVALID, INVALID,-40.12989,-8.808858
3.491611,3.561551,2.928391,-0.3998422,-0.01721501,0,INVALID, INVALID,-39.66697,-8.066404
3.502766,3.611127,2.976913,-0.4053658,-0.01913643,0,INVALID, INVALID,-41.80336,-7.991438
3.513724,3.696846,2.961258,-0.4049995,-0.02705824,0,INVALID, INVALID,-42.27979,-9.227585
3.524757,3.818043,3.025101,-0.3937542,-0.01280427,0,INVALID, INVALID,-40.37508,-6.768657
3.536247,3.954028,2.892014,-0.394871,-0.01755202,0,INVALID, INVALID,-38.56201,-7.955223
3.547361,4.088369,3.242889,-0.404088,-0.02006388,0,INVALID, INVALID,-44.68956,-6.707826
3.558266,4.18932,3.005188,-0.4013869,-0.01576889,0,INVALID, INVALID,-40.49315,-7.480498
3.569296,4.261653,2.970047,-0.397427,-0.01432157,0,INVALID, INVALID,-40.32701,-7.371236
3.580587,4.291226,2.905746,-0.3959069,-0.01660609,0,INVALID, INVALID,-39.63066,-7.960477
3.591264,4.302166,2.704422,-0.3894797,-0.008909464,0,INVALID, INVALID,-36.8251,-7.572275
3.602244,4.272418,2.830597,-0.3943757,-0.0136801,0,INVALID, INVALID,-39.55524,-7.746078
3.614072,4.250354,2.865417,-0.3847634,-0.01235437,0,INVALID, INVALID,-38.73521,-7.525483
3.624896,4.217142,2.882706,-0.3905513,-0.0154922,0,INVALID, INVALID,-40.55212,-7.750461
3.635941,4.182636,2.861862,-0.3919189,-0.01660204,0,INVALID, INVALID,-40.438,-8.036365
3.647033,4.139181,2.900757,-0.3922518,-0.01504612,0,INVALID, INVALID,-40.92,-7.613705
3.658128,4.076891,2.86998,-0.3919189,-0.01521957,0,INVALID, INVALID,-40.44944,-7.783942
3.669177,3.999592,2.862473,-0.3917967,-0.01521957,3.058304,-0.8977326, -0.0787009,-40.42181,-7.788328
3.680644,3.917792,2.848389,-0.3904902,-0.01435494,0,INVALID, INVALID,-40.07042,-7.806025
3.691511,3.850168,2.850098,-0.3883419,-0.01317859,0,INVALID, INVALID,-39.63356,-7.656117
3.702591,3.799171,2.842331,-0.3875,-0.01286685,0,INVALID, INVALID,-39.37958,-7.760179
3.71383,3.766487,2.834244,-0.3871194,-0.01265347,0,INVALID, INVALID,-39.20441,-7.769859
3.724663,3.737153,2.829376,-0.3860151,-0.01225555,0,INVALID, INVALID,-38.9789,-7.731927
3.736074,3.725731,2.834702,-0.3852915,-0.01207113,0,INVALID, INVALID,-38.92828,-7.676316
3.747294,3.710588,2.828415,-0.3850803,-0.009771585,0,INVALID, INVALID,-38.7085,-7.348309
3.758099,3.710044,2.825638,-0.3833477,-0.009632707,0,INVALID, INVALID,-38.43215,-7.246003
3.769254,3.689255,2.820892,-0.3827086,-0.009632707,0,INVALID, INVALID,-38.29955,-7.263662
3.780869,3.662774,2.779343,-0.3819432,-0.009463906,0,INVALID, INVALID,-37.53959,-7.488521
3.79134,3.632065,2.717911,-0.3811455,-0.009002328,0,INVALID, INVALID,-37.00336,-7.555541
3.802844,3.601818,2.720581,-0.3811455,-0.009002328,0,INVALID, INVALID,-37.23867,-7.522848
3.813909,3.573486,2.720261,-0.3811455,-0.008188844,0,INVALID, INVALID,-37.24429,-7.383523
3.824848,3.55284,2.731003,-0.3810663,-0.007740498,0,INVALID, INVALID,-37.47644,-7.397647
3.835967,3.536404,2.736969,-0.3810663,-0.007740498,0,INVALID, INVALID,-37.55933,-7.258393
3.846966,3.525037,2.740005,-0.3810663,-0.0076859,0,INVALID, INVALID,-37.63206,-7.365058
3.858284,3.527501,2.731293,-0.3799709,-0.007240176,0,INVALID, INVALID,-37.41781,-7.314722
3.869371,3.508566,2.753571,-0.3796911,-0.006603479,0,INVALID, INVALID,-37.74823,-7.004683
3.880608,3.514073,2.753235,-0.3795611,-0.006603479,0,INVALID, INVALID,-37.69507,-7.053994
3.89153,3.512305,2.809296,-0.3791709,-0.006603479,0,INVALID, INVALID,-38.5403,-6.836384
3.902268,3.504476,2.807693,-0.3783618,-0.006523967,0,INVALID, INVALID,-38.3765,-6.845215
3.913823,3.487604,2.801895,-0.3780966,-0.006307364,0,INVALID, INVALID,-38.32181,-6.812645
3.924765,3.473512,2.824905,-0.3758846,-0.006297588,0,INVALID, INVALID,-38.1249,-6.82938
3.936074,3.439414,2.825363,-0.3758156,-0.006307364,0,INVALID, INVALID,-38.11143,-6.833773
3.947499,3.415107,2.859482,-0.3757261,-0.006297588,0,INVALID, INVALID,-38.7434,-6.602301
3.95862,3.368063,2.857346,-0.3737717,-0.005928516,0,INVALID, INVALID,-38.45871,-6.52477
3.969632,3.326916,2.856644,-0.3735776,-0.006297588,0,INVALID, INVALID,-38.4166,-6.59609
3.980464,3.293633,2.865082,-0.37346,-0.006054282,0,INVALID, INVALID,-38.66796,-6.452635
3.99114,3.255256,2.869339,-0.3730178,-0.006054282,0,INVALID, INVALID,-38.57638,-6.391079
4.002129,3.222703,2.875854,-0.3713099,-0.005928516,0,INVALID, INVALID,-38.22631,-6.482589
4.013899,3.199371,2.901276,-0.3713099,-0.005848646,0,INVALID, INVALID,-38.75314,-6.442964
4.024477,3.177305,2.905914,-0.3713099,-0.00348258,0,INVALID, INVALID,-38.76817,-6.008575
4.035424,3.162795,2.929764,-0.3709963,-0.003300786,0,INVALID, INVALID,-39.02502,-5.772954
4.04685,3.157752,3.00206,-0.3702514,-0.003300786,0,INVALID, INVALID,-39.77196,-5.414573
4.058119,3.163428,3.137756,-0.3699979,-0.002327919,0,INVALID, INVALID,-41.20304,-5.137134
4.068917,3.173992,2.612595,-0.3712948,-0.002806783,0,INVALID, INVALID,-35.01576,-7.247871
4.080382,3.186936,2.792328,-0.3770352,-0.007118583,0,INVALID, INVALID,-37.93971,-6.920107
4.0912,3.18346,3.020172,-0.3834915,-0.009765148,0,INVALID, INVALID,-40.50608,-7.515829
4.102591,3.185903,3.002747,-0.3798118,-0.01091528,0,INVALID, INVALID,-40.40708,-6.655935
4.113968,3.187256,3.053726,-0.3791111,-0.009289742,0,INVALID, INVALID,-40.77118,-6.132516
4.12504,3.182958,3.036163,-0.3774365,-0.01029325,0,INVALID, INVALID,-40.14804,-6.457039
4.135473,3.182721,3.028366,-0.3771835,-0.01075423,0,INVALID, INVALID,-40.08997,-6.551224
4.147226,3.186905,2.961731,-0.3773166,-0.01003921,0,INVALID, INVALID,-39.15339,-6.806452
4.157945,3.191007,2.90065,-0.377317,-0.01021159,0,INVALID, INVALID,-38.4376,-7.143805
4.171574,3.185318,2.87944,-0.3775269,-0.01037741,0,INVALID, INVALID,-38.20794,-7.275052
4.180243,3.193552,2.858444,-0.3777367,-0.01054311,0,INVALID, INVALID,-37.97908,-7.407296
4.190674,3.176773,2.860962,-0.3774231,-0.01021159,0,INVALID, INVALID,-37.9728,-7.240775
4.201897,3.173568,2.87413,-0.3773701,-0.01037741,0,INVALID, INVALID,-38.21944,-7.179061
4.21283,3.182555,2.882385,-0.3774231,-0.01021159,0,INVALID, INVALID,-38.41154,-7.066358
4.224126,3.19853,2.889633,-0.3775799,-0.01003921,0,INVALID, INVALID,-38.54282,-7.049542
4.234993,3.219214,2.879807,-0.3777367,-0.009866834,0,INVALID, INVALID,-38.4776,-6.996641
4.246212,3.242228,2.87999,-0.3782761,-0.009866834,0,INVALID, INVALID,-38.5874,-6.98261
4.25722,3.259916,2.881195,-0.3787379,-0.009474039,0,INVALID, INVALID,-38.68495,-6.89984
4.268294,3.266208,2.88559,-0.3792295,-0.009474039,0,INVALID, INVALID,-38.98108,-6.923564
4.279856,3.281897,2.888199,-0.3793131,-0.009474039,0,INVALID, INVALID,-39.01826,-6.972911
4.290716,3.292276,2.893692,-0.3793131,-0.009474039,0,INVALID, INVALID,-39.03439,-6.814429
4.301775,3.294856,2.893692,-0.3793131,-0.009474039,0,INVALID, INVALID,-39.03439,-6.814429
4.312915,3.326152,2.895218,-0.3793131,-0.01008475,0,INVALID, INVALID,-38.93533,-7.165904
4.324395,3.349123,2.896118,-0.3793131,-0.01008475,0,INVALID, INVALID,-38.93507,-7.168505
4.3349,3.37921,2.898941,-0.3792295,-0.009596467,0,INVALID, INVALID,-38.92165,-7.079504
4.346285,3.403361,2.898254,-0.3789228,-0.009596467,0,INVALID, INVALID,-38.85847,-7.086511
4.357504,3.404241,2.899597,-0.3788207,-0.009596467,0,INVALID, INVALID,-38.82534,-7.011736
4.368451,3.405895,2.884476,-0.3783536,-0.009474039,0,INVALID, INVALID,-38.55841,-7.114747
4.379541,3.397979,2.883423,-0.3777543,-0.009172678,0,INVALID, INVALID,-38.4376,-7.077731
4.390893,3.388029,2.892151,-0.3771002,-0.009172678,0,INVALID, INVALID,-38.30527,-7.092737
4.401567,3.385844,3.364105,-0.3791138,-0.002501726,0,INVALID, INVALID,-44.14011,-4.019708
4.413136,3.377753,2.650101,-0.3776898,0.001248956,0,INVALID, INVALID,-35.90304,-6.983452
4.424093,3.366662,2.642059,-0.378545,0.002433598,0,INVALID, INVALID,-36.76074,-7.229358
4.434801,3.351932,2.7314,-0.3822884,0.0101943,0,INVALID, INVALID,-36.79448,-6.939468
4.446263,3.350389,2.94429,-0.3805439,0.01473695,0,INVALID, INVALID,-39.40063,-5.87403
4.457576,3.343532,2.828735,-0.3726012,0.01740587,0,INVALID, INVALID,-38.28294,-6.201975
4.468536,3.347006,2.969879,-0.365122,0.04274476,0,INVALID, INVALID,-38.30196,-3.578999
4.479849,3.334989,2.618118,-0.3558183,0.05277658,0,INVALID, INVALID,-33.98948,-4.674663
4.490528,3.328831,2.727737,-0.3511908,0.06284422,0,INVALID, INVALID,-35.06344,-3.173483
4.501653,3.311078,3.370499,-0.3488465,0.07179427,3.529999,-0.8631539, 0.03124857,-41.91566,1.656113
4.512975,3.305659,2.60347,-0.3487903,0.06919461,0,INVALID, INVALID,-33.98229,-2.874057
4.523785,3.297964,2.6577,-0.3470537,0.06792176,0,INVALID, INVALID,-33.738,-2.874057
4.534843,3.296038,3.177109,-0.3489247,0.06603402,0,INVALID, INVALID,-39.72855,-0.02797646
4.54621,3.297965,3.144012,-0.3492764,0.06619483,0,INVALID, INVALID,-39.28632,-0.2973941
4.557267,3.300015,2.776321,-0.3499637,0.06688291,0,INVALID, INVALID,-34.94315,-2.280704
4.568594,3.303571,3.223404,-0.3554123,0.07378876,0,INVALID, INVALID,-40.39003,0.9555206
4.580315,3.30369,3.305298,-0.3536088,0.07863778,0,INVALID, INVALID,-40.74194,1.837176
4.590952,3.300893,3.281235,-0.3494546,0.07361197,0,INVALID, INVALID,-40.23508,0.3711503
4.602343,3.302912,2.971695,-0.351683,0.08175385,0,INVALID, INVALID,-36.8356,-0.06852804
4.613343,3.299544,3.117355,-0.3499274,0.07885516,0,INVALID, INVALID,-38.3746,0.4177785
4.624346,3.288783,2.850433,-0.3486136,0.07720739,0,INVALID, INVALID,-35.43099,-1.47777
4.635584,3.283824,2.922882,-0.3488315,0.07845843,4.108749,-0.8877485, -0.09441721,-36.22974,-0.7702479
4.64696,3.287561,2.852737,-0.3486136,0.07934207,0,INVALID, INVALID,-35.43505,-1.082455
4.65778,3.293253,2.804688,-0.3490004,0.07985198,0,INVALID, INVALID,-34.9599,-1.274722
4.668982,3.293232,2.786118,-0.3491691,0.07947832,0,INVALID, INVALID,-34.79247,-1.328101
4.680228,3.298518,2.789703,-0.3494668,0.07896835,0,INVALID, INVALID,-34.85452,-1.504802
4.690987,3.301851,2.789841,-0.3491691,0.07845843,3.720337,-0.8783199, -0.01643991,-34.79779,-1.696275
4.701891,3.300494,2.793839,-0.3497601,0.07845843,0,INVALID, INVALID,-34.90755,-1.495148
4.713495,3.300249,2.804855,-0.3494646,0.07815218,0,INVALID, INVALID,-35.01962,-1.36401
4.724321,3.299591,2.784637,-0.3491691,0.07784599,0,INVALID, INVALID,-34.78839,-1.619429
4.735529,3.299961,2.791779,-0.3493422,0.07784599,0,INVALID, INVALID,-34.83225,-1.432312
4.747114,3.302958,2.792816,-0.3493422,0.07845843,3.570679,-0.8688911, 0.03257293,-34.82581,-1.469004
4.758226,3.299873,2.816025,-0.3493422,0.0776695,0,INVALID, INVALID,-35.16521,-1.265168
4.768795,3.287143,2.818314,-0.3493422,0.0776695,0,INVALID, INVALID,-35.21615,-1.090381
4.780068,3.273505,2.828552,-0.3493422,0.0776695,0,INVALID, INVALID,-35.47159,-1.457637
4.790951,3.270115,2.829987,-0.3489754,0.07751065,0,INVALID, INVALID,-35.39853,-1.129692
4.801954,3.257395,2.835678,-0.3485443,0.07751065,0,INVALID, INVALID,-35.50917,-1.146371
4.813272,3.247445,2.840515,-0.3479347,0.07823074,0,INVALID, INVALID,-35.40277,-0.9853634
4.824532,3.232025,2.875381,-0.3468686,0.07878816,0,INVALID, INVALID,-35.83092,-0.782347
4.835294,3.228347,2.874649,-0.346826,0.07897872,0,INVALID, INVALID,-35.822,-0.747558
4.846673,3.19536,2.877457,-0.346826,0.07897872,0,INVALID, INVALID,-35.82252,-0.747558
4.857602,3.187299,2.917694,-0.3462328,0.07929933,0,INVALID, INVALID,-35.97197,-0.4379019
4.869017,3.162764,2.917908,-0.3463002,0.07941252,0,INVALID, INVALID,-35.98643,-0.414487
4.880113,3.152369,2.877258,-0.3462328,0.07957625,3.721375,-0.8688578, 0.04807734,-35.70154,-0.6467983
4.891076,3.137943,2.860031,-0.3462328,0.07957625,3.64502,-0.8677401, 0.04032516,-35.55111,-0.8645667
4.902051,3.122855,3.361374,-0.3435829,0.08328658,0,INVALID, INVALID,-39.96786,2.989634
4.913991,3.109107,2.975845,-0.330759,0.08266526,3.643204,-0.8344837, 0.06849444,-35.8233,0.2454926
4.92484,3.091723,2.838516,-0.2937752,0.09098673,3.628036,-0.7989923, 0.06762922,-32.39733,0.9616448
4.935714,3.073941,3.172012,-0.1941454,0.08982438,4.278824,-0.6178952, 0.1030034,-26.58924,2.24219
4.946906,3.047524,3.118546,-0.1497339,0.08537674,4.174622,-0.5671856, 0.09613574,-26.46336,2.965967
4.95759,3.018124,3.205093,-0.09809297,0.08097786,4.098419,-0.5047373, 0.0894078,-21.00305,2.313
4.968854,3.011795,3.409058,-0.01288092,0.07012802,3.907806,-0.4107324, 0.08583945,-13.92291,2.672763
4.980462,2.999637,3.620178,0.02646029,0.06018221,3.835846,-0.3639191, 0.07315063,-10.12073,1.446316
4.991136,2.982093,3.703583,0.06253254,0.05148852,3.743301,-0.3228148, 0.06855935,-6.316307,0.7885751
5.001997,2.964817,3.783142,0.09044516,0.04534876,3.642288,-0.2801083, 0.06450671,-3.004526,-0.1101434
5.013564,2.935903,3.75206,0.08796525,0.04205889,3.71933,-0.2788986, 0.06246448,-3.302212,-0.5875081
5.024737,2.898958,3.735519,0.08500361,0.04071754,3.753464,-0.2721919, 0.05633181,-3.324076,-1.097357
5.043594,2.85333,3.733398,0.08492947,0.04089934,3.676132,-0.2727032, 0.0575273,-2.460129,-0.6977351
5.05105,2.820015,3.762802,0.08568132,0.04165435,3.69455,-0.2719929, 0.05732834,-1.864246,-0.08156469
5.055668,2.791723,3.633514,0.08485985,0.03999329,3.694183,-0.2722554, 0.05716306,-2.245679,-0.6705639
5.063783,2.772411,3.738068,0.08128011,0.03981352,3.712891,-0.271567, 0.05641425,-2.870581,-0.6224399
5.07515,2.769178,3.802704,0.08107483,0.03615397,3.727921,-0.2722554, 0.05566543,-2.973021,-1.288767
5.086114,2.759189,3.689713,0.08411753,0.04586768,3.654739,-0.2708838, 0.05464709,-2.827709,0.1802258
5.097762,2.741927,3.705322,0.0803982,0.03873795,3.750946,-0.2694806, 0.0543614,-3.222518,-0.694925
5.111624,2.712486,3.746964,0.07500482,0.0356952,3.74295,-0.2702458, 0.05394959,-3.968916,-0.9975998
5.121649,2.694274,3.717072,0.07252121,0.03876585,3.734406,-0.2704388, 0.05361283,-4.108181,-0.7168246
5.130443,2.688974,3.740601,0.07368088,0.03781354,3.728485,-0.2702458, 0.053276,-4.050429,-0.8515682
5.141528,2.704998,3.761032,0.06864667,0.03712863,3.734253,-0.2701629, 0.05334276,-4.351047,-0.8943809
5.152756,2.748653,3.768356,0.0685159,0.03475034,3.729736,-0.2699684, 0.05301684,-4.307253,-1.051088
5.163795,2.80978,3.716141,0.06742311,0.03737456,3.727875,-0.27008, 0.05275774,-4.313342,-0.9598116
5.175309,2.862365,3.75528,0.06760252,0.04106635,3.734055,-0.2701629, 0.05263901,-4.158123,-0.4833549
5.185853,2.922239,3.730301,0.06724334,0.03964508,3.726364,-0.2702437, 0.05226398,-4.003061,-0.410693
5.197087,2.976651,3.776413,0.06590235,0.03440076,3.724731,-0.2702458, 0.05200773,-4.039827,-0.9721684
5.208046,3.026255,3.66684,0.06794643,0.03588974,3.724579,-0.2702437, 0.05154634,-3.730561,-0.881156
5.219364,3.068842,3.689072,0.06557178,0.03630006,3.724762,-0.2705299, 0.05137587,-4.033763,-0.9520329
5.230833,3.117234,3.819931,0.05842447,0.03645533,3.72493,-0.2702458, 0.05137587,-4.547475,-0.806971
5.241365,3.177336,3.716187,0.05988443,0.03741151,3.785172,-0.2697621, 0.05320895,-4.233552,-0.8374339
5.25286,3.237887,3.802216,0.05756772,0.0392499,3.731918,-0.2726932, 0.05128634,-4.536133,-1.169858
5.264008,3.300202,3.761887,0.05815446,0.03868651,3.750748,-0.2717445, 0.05181593,-4.317699,-1.26083
5.27475,3.361785,3.759262,0.05843937,0.0382579,3.738754,-0.2725386, 0.05178869,-4.393112,-1.236381
5.285941,3.414945,3.764694,0.05843937,0.03923517,3.73877,-0.2709561, 0.05198652,-4.12488,-0.9285166
5.29717,3.471263,3.782059,0.05762768,0.03926802,3.758972,-0.2701676, 0.05215704,-4.095051,-0.6723125
5.30835,3.524149,3.794601,0.05743325,0.03923517,3.742554,-0.2701169, 0.05198652,-4.078424,-0.4901886
5.319143,3.568499,3.779922,0.05743325,0.0382579,3.742966,-0.2701109, 0.05196172,-4.118751,-0.5654452
5.330925,3.606365,3.792572,0.05793631,0.03823149,3.727295,-0.2700662, 0.05181593,-4.038081,-0.5260038
5.341681,3.664507,3.791473,0.05843937,0.03820509,3.723053,-0.2697725, 0.05178869,-3.944318,-0.3250574
5.352407,3.698491,3.785126,0.05743325,0.0375666,3.71434,-0.2697725, 0.05172384,-4.107371,-0.6311808
5.363753,3.750908,3.779709,0.05793631,0.03749144,3.71817,-0.2694787, 0.05168623,-4.043413,-0.6398023
5.374593,3.769597,3.774292,0.05782413,0.03741622,3.718719,-0.2693979, 0.05154371,-4.126589,-0.5453635
5.385736,3.784073,3.771713,0.05782413,0.03696585,3.701401,-0.2692776, 0.05085951,-4.152939,-0.3460502
5.397307,3.80274,3.760986,0.05782413,0.03612566,3.698471,-0.2690815, 0.05029738,-4.14241,-0.5062904
5.408202,3.797536,3.749863,0.0579735,0.03612566,3.681015,-0.2687945, 0.04979903,-4.230035,-0.9536759
5.419161,3.80444,3.739532,0.05808759,0.03413743,3.673843,-0.2670035, 0.04941767,-4.002229,-1.020291
5.430511,3.806518,3.725037,0.05832505,0.03413743,3.633972,-0.2663064, 0.04859573,-3.903144,-1.326332
5.441631,3.812383,3.711853,0.05808759,0.03389299,3.63266,-0.2656563, 0.04778093,-3.933828,-1.519555
5.452934,3.799676,3.693512,0.05808759,0.03385621,3.598557,-0.2647626, 0.0475505,-4.003012,-1.569476
5.464232,3.794266,3.691544,0.05808759,0.03385621,3.581909,-0.2634567, 0.04737353,-3.75155,-1.381402
5.476587,3.771842,3.646057,0.059129,0.03385621,3.549408,-0.2634567, 0.04711485,-3.747163,-1.529183
5.486738,3.74867,3.632584,0.059129,0.03325212,3.547211,-0.2634567, 0.04678667,-3.788376,-1.305363
5.498595,3.74372,3.599594,0.05937648,0.03325212,3.535446,-0.2634141, 0.04678667,-3.759423,-1.393812
5.509783,3.737792,3.560364,0.06003737,0.03389299,3.526917,-0.2631375, 0.04665273,-3.670078,-1.414715
5.520912,3.756982,3.547668,0.06004369,0.03378558,3.499496,-0.2631375, 0.04637146,-3.67541,-1.314922
5.540429,3.77034,3.534866,0.06020844,0.03378558,3.497375,-0.2635337, 0.04552752,-3.698988,-1.317598
5.549167,3.782794,3.518631,0.06242502,0.03254884,3.494614,-0.2635337, 0.04552752,-3.453717,-1.486484
5.554973,3.796508,3.503754,0.06309545,0.03245